county,fips,pollutant,val,population
Adams,38001,"1,1,2-TRICHLOROETHANE",0.0,2343
Adams,38001,"1,3-BUTADIENE",2.976562809e-05,2343
Adams,38001,"1,3-DICHLOROPROPENE",0.0,2343
Adams,38001,"1,4-DICHLOROBENZENE",0.0,2343
Adams,38001,"1,4-DIOXANE",0.0,2343
Adams,38001,"2,4,6-TRICHLOROPHENOL",0.0,2343
Adams,38001,"2,4-DINITROTOLUENE",0.0,2343
Adams,38001,"2,4-TOLUENE DIISOCYANATE",0.0,2343
Adams,38001,2-NITROPROPANE,0.0,2343
Adams,38001,ACETALDEHYDE,4.317285290999999e-05,2343
Adams,38001,ACETAMIDE,0.0,2343
Adams,38001,ACRYLONITRILE,0.0,2343
Adams,38001,ALLYL CHLORIDE,0.0,2343
Adams,38001,ARSENIC COMPOUNDS(INORGANIC INCLUDING ARSINE),3.21801852e-05,2343
Adams,38001,BENZENE,0.001752071347751,2343
Adams,38001,BENZYL CHLORIDE,0.0,2343
Adams,38001,BERYLLIUM COMPOUNDS,0.0,2343
Adams,38001,BIS(2-ETHYLHEXYL)PHTHALATE (DEHP),0.0,2343
Adams,38001,CADMIUM COMPOUNDS,0.0,2343
Adams,38001,CARBON TETRACHLORIDE,0.0,2343
Adams,38001,CHLOROPRENE,0.0,2343
Adams,38001,CHROMIUM VI (HEXAVALENT),8.97666e-06,2343
Adams,38001,EPICHLOROHYDRIN,0.0,2343
Adams,38001,ETHYLBENZENE,1.8538114503e-05,2343
Adams,38001,ETHYLENE DIBROMIDE (DIBROMOETHANE),0.0,2343
Adams,38001,"ETHYLENE DICHLORIDE (1,2-DICHLOROETHANE)",0.0,2343
Adams,38001,ETHYLENE OXIDE,0.0,2343
Adams,38001,"ETHYLIDENE DICHLORIDE (1,1-DICHLOROETHANE)",0.0,2343
Adams,38001,FORMALDEHYDE,0.0008217436369480001,2343
Adams,38001,HEXACHLOROBENZENE,0.0,2343
Adams,38001,HEXACHLOROBUTADIENE,0.0,2343
Adams,38001,METHYL TERT-BUTYL ETHER,0.0,2343
Adams,38001,METHYLENE CHLORIDE,0.0,2343
Adams,38001,NAPHTHALENE,9.4876826974e-05,2343
Adams,38001,NICKEL COMPOUNDS,2.3181189600000004e-05,2343
Adams,38001,NITROBENZENE,0.0,2343
Adams,38001,O-TOLUIDINE,0.0,2343
Adams,38001,PAHPOM,1.0513013674000001e-05,2343
Adams,38001,PROPYLENE OXIDE,0.0,2343
Adams,38001,TETRACHLOROETHYLENE,0.0,2343
Adams,38001,TRICHLOROETHYLENE,0.0,2343
Adams,38001,VINYL CHLORIDE,0.0,2343
Barnes,38003,"1,1,2-TRICHLOROETHANE",0.0,11066
Barnes,38003,"1,3-BUTADIENE",0.000148080020005,11066
Barnes,38003,"1,4-DICHLOROBENZENE",0.0,11066
Barnes,38003,"1,4-DIOXANE",0.0,11066
Barnes,38003,"2,4,6-TRICHLOROPHENOL",0.0,11066
Barnes,38003,"2,4-DINITROTOLUENE",0.0,11066
Barnes,38003,"2,4-TOLUENE DIISOCYANATE",0.0,11066
Barnes,38003,2-NITROPROPANE,0.0,11066
Barnes,38003,ACETALDEHYDE,0.000229159676671,11066
Barnes,38003,ACETAMIDE,0.0,11066
Barnes,38003,ACRYLONITRILE,0.0,11066
Barnes,38003,ALLYL CHLORIDE,0.0,11066
Barnes,38003,ARSENIC COMPOUNDS(INORGANIC INCLUDING ARSINE),6.8708353631e-05,11066
Barnes,38003,BENZENE,0.006408627067955,11066
Barnes,38003,BENZYL CHLORIDE,0.0,11066
Barnes,38003,BERYLLIUM COMPOUNDS,0.0,11066
Barnes,38003,BIS(2-ETHYLHEXYL)PHTHALATE (DEHP),0.0,11066
Barnes,38003,CADMIUM COMPOUNDS,0.0,11066
Barnes,38003,CARBON TETRACHLORIDE,0.0,11066
Barnes,38003,CHLOROPRENE,0.0,11066
Barnes,38003,CHROMIUM VI (HEXAVALENT),1.4072638788e-05,11066
Barnes,38003,EPICHLOROHYDRIN,0.0,11066
Barnes,38003,ETHYLBENZENE,6.895012443699999e-05,11066
Barnes,38003,"ETHYLENE DICHLORIDE (1,2-DICHLOROETHANE)",0.0,11066
Barnes,38003,ETHYLENE OXIDE,0.0,11066
Barnes,38003,FORMALDEHYDE,0.0028932955196690003,11066
Barnes,38003,HEXACHLOROBENZENE,0.0,11066
Barnes,38003,HEXACHLOROBUTADIENE,0.0,11066
Barnes,38003,METHYL TERT-BUTYL ETHER,0.0,11066
Barnes,38003,METHYLENE CHLORIDE,0.0,11066
Barnes,38003,NAPHTHALENE,0.00035824430532599996,11066
Barnes,38003,NICKEL COMPOUNDS,3.4669532706999995e-05,11066
Barnes,38003,NITROBENZENE,0.0,11066
Barnes,38003,O-TOLUIDINE,0.0,11066
Barnes,38003,PAHPOM,4.094043177000001e-05,11066
Barnes,38003,PROPYLENE OXIDE,0.0,11066
Barnes,38003,TETRACHLOROETHYLENE,0.0,11066
Barnes,38003,TRICHLOROETHYLENE,0.0,11066
Barnes,38003,VINYL CHLORIDE,0.0,11066
Benson,38005,"1,1,2-TRICHLOROETHANE",0.0,6660
Benson,38005,"1,3-BUTADIENE",6.1778557665e-05,6660
Benson,38005,"1,4-DICHLOROBENZENE",0.0,6660
Benson,38005,"1,4-DIOXANE",0.0,6660
Benson,38005,"2,4,6-TRICHLOROPHENOL",0.0,6660
Benson,38005,"2,4-DINITROTOLUENE",0.0,6660
Benson,38005,"2,4-TOLUENE DIISOCYANATE",0.0,6660
Benson,38005,2-NITROPROPANE,0.0,6660
Benson,38005,ACETALDEHYDE,0.00010884535797,6660
Benson,38005,ACETAMIDE,0.0,6660
Benson,38005,ACRYLONITRILE,0.0,6660
Benson,38005,ALLYL CHLORIDE,0.0,6660
Benson,38005,ARSENIC COMPOUNDS(INORGANIC INCLUDING ARSINE),4.205479704300001e-05,6660
Benson,38005,BENZENE,0.005573353335425001,6660
Benson,38005,BENZYL CHLORIDE,0.0,6660
Benson,38005,BERYLLIUM COMPOUNDS,0.0,6660
Benson,38005,BIS(2-ETHYLHEXYL)PHTHALATE (DEHP),0.0,6660
Benson,38005,CADMIUM COMPOUNDS,0.0,6660
Benson,38005,CARBON TETRACHLORIDE,0.0,6660
Benson,38005,CHLOROPRENE,0.0,6660
Benson,38005,CHROMIUM VI (HEXAVALENT),1.5918037625e-05,6660
Benson,38005,EPICHLOROHYDRIN,0.0,6660
Benson,38005,ETHYLBENZENE,3.3469130518e-05,6660
Benson,38005,"ETHYLENE DICHLORIDE (1,2-DICHLOROETHANE)",0.0,6660
Benson,38005,ETHYLENE OXIDE,0.0,6660
Benson,38005,FORMALDEHYDE,0.001406057923333,6660
Benson,38005,HEXACHLOROBENZENE,0.0,6660
Benson,38005,HEXACHLOROBUTADIENE,0.0,6660
Benson,38005,METHYL TERT-BUTYL ETHER,0.0,6660
Benson,38005,METHYLENE CHLORIDE,0.0,6660
Benson,38005,NAPHTHALENE,0.00020897766601599997,6660
Benson,38005,NICKEL COMPOUNDS,2.7355577595e-05,6660
Benson,38005,NITROBENZENE,0.0,6660
Benson,38005,O-TOLUIDINE,0.0,6660
Benson,38005,PAHPOM,2.1441286679999997e-05,6660
Benson,38005,PROPYLENE OXIDE,0.0,6660
Benson,38005,TETRACHLOROETHYLENE,0.0,6660
Benson,38005,TRICHLOROETHYLENE,0.0,6660
Benson,38005,VINYL CHLORIDE,0.0,6660
Billings,38007,"1,1,2-TRICHLOROETHANE",0.0,783
Billings,38007,"1,3-BUTADIENE",9.94057842e-05,783
Billings,38007,"1,3-DICHLOROPROPENE",0.0,783
Billings,38007,"1,4-DICHLOROBENZENE",0.0,783
Billings,38007,"1,4-DIOXANE",0.0,783
Billings,38007,"2,4,6-TRICHLOROPHENOL",0.0,783
Billings,38007,"2,4-DINITROTOLUENE",0.0,783
Billings,38007,"2,4-TOLUENE DIISOCYANATE",0.0,783
Billings,38007,2-NITROPROPANE,0.0,783
Billings,38007,ACETALDEHYDE,0.00013898827161299999,783
Billings,38007,ACETAMIDE,0.0,783
Billings,38007,ACRYLONITRILE,0.0,783
Billings,38007,ALLYL CHLORIDE,0.0,783
Billings,38007,ARSENIC COMPOUNDS(INORGANIC INCLUDING ARSINE),4.14247767e-05,783
Billings,38007,BENZENE,0.000982555731503,783
Billings,38007,BENZYL CHLORIDE,0.0,783
Billings,38007,BERYLLIUM COMPOUNDS,0.0,783
Billings,38007,BIS(2-ETHYLHEXYL)PHTHALATE (DEHP),0.0,783
Billings,38007,BROMOFORM,0.0,783
Billings,38007,CADMIUM COMPOUNDS,0.0,783
Billings,38007,CARBON TETRACHLORIDE,0.0,783
Billings,38007,CHLOROPRENE,0.0,783
Billings,38007,CHROMIUM VI (HEXAVALENT),1.5896928e-05,783
Billings,38007,EPICHLOROHYDRIN,0.0,783
Billings,38007,ETHYLBENZENE,4.146294063e-05,783
Billings,38007,ETHYLENE DIBROMIDE (DIBROMOETHANE),0.0,783
Billings,38007,"ETHYLENE DICHLORIDE (1,2-DICHLOROETHANE)",0.0,783
Billings,38007,ETHYLENE OXIDE,0.0,783
Billings,38007,"ETHYLIDENE DICHLORIDE (1,1-DICHLOROETHANE)",0.0,783
Billings,38007,FORMALDEHYDE,0.0019904088008870003,783
Billings,38007,HEXACHLOROBENZENE,0.0,783
Billings,38007,HEXACHLOROBUTADIENE,0.0,783
Billings,38007,METHYL TERT-BUTYL ETHER,0.0,783
Billings,38007,METHYLENE CHLORIDE,0.0,783
Billings,38007,NAPHTHALENE,0.000253057877738,783
Billings,38007,NICKEL COMPOUNDS,2.7355276800000003e-05,783
Billings,38007,NITROBENZENE,0.0,783
Billings,38007,O-TOLUIDINE,0.0,783
Billings,38007,PAHPOM,2.9649286550000003e-05,783
Billings,38007,PROPYLENE OXIDE,0.0,783
Billings,38007,TETRACHLOROETHYLENE,0.0,783
Billings,38007,TRICHLOROETHYLENE,0.0,783
Billings,38007,VINYL CHLORIDE,0.0,783
Bottineau,38009,"1,1,2-TRICHLOROETHANE",0.0,6429
Bottineau,38009,"1,3-BUTADIENE",8.708751432500002e-05,6429
Bottineau,38009,"1,3-DICHLOROPROPENE",0.0,6429
Bottineau,38009,"1,4-DICHLOROBENZENE",0.0,6429
Bottineau,38009,"1,4-DIOXANE",0.0,6429
Bottineau,38009,"2,4,6-TRICHLOROPHENOL",0.0,6429
Bottineau,38009,"2,4-DINITROTOLUENE",0.0,6429
Bottineau,38009,"2,4-TOLUENE DIISOCYANATE",0.0,6429
Bottineau,38009,2-NITROPROPANE,0.0,6429
Bottineau,38009,ACETALDEHYDE,0.00017721250969,6429
Bottineau,38009,ACETAMIDE,0.0,6429
Bottineau,38009,ACRYLONITRILE,0.0,6429
Bottineau,38009,ALLYL CHLORIDE,0.0,6429
Bottineau,38009,ARSENIC COMPOUNDS(INORGANIC INCLUDING ARSINE),4.0778419909e-05,6429
Bottineau,38009,BENZENE,0.0050725478815059994,6429
Bottineau,38009,BENZYL CHLORIDE,0.0,6429
Bottineau,38009,BERYLLIUM COMPOUNDS,0.0,6429
Bottineau,38009,BIS(2-ETHYLHEXYL)PHTHALATE (DEHP),0.0,6429
Bottineau,38009,CADMIUM COMPOUNDS,0.0,6429
Bottineau,38009,CARBON TETRACHLORIDE,0.0,6429
Bottineau,38009,CHLOROPRENE,0.0,6429
Bottineau,38009,CHROMIUM VI (HEXAVALENT),2.5324790934000003e-05,6429
Bottineau,38009,EPICHLOROHYDRIN,0.0,6429
Bottineau,38009,ETHYLBENZENE,4.0545992058e-05,6429
Bottineau,38009,ETHYLENE DIBROMIDE (DIBROMOETHANE),0.0,6429
Bottineau,38009,"ETHYLENE DICHLORIDE (1,2-DICHLOROETHANE)",0.0,6429
Bottineau,38009,ETHYLENE OXIDE,0.0,6429
Bottineau,38009,"ETHYLIDENE DICHLORIDE (1,1-DICHLOROETHANE)",0.0,6429
Bottineau,38009,FORMALDEHYDE,0.001789000870242,6429
Bottineau,38009,HEXACHLOROBENZENE,0.0,6429
Bottineau,38009,HEXACHLOROBUTADIENE,0.0,6429
Bottineau,38009,METHYL TERT-BUTYL ETHER,0.0,6429
Bottineau,38009,METHYLENE CHLORIDE,0.0,6429
Bottineau,38009,NAPHTHALENE,0.00028941239277799997,6429
Bottineau,38009,NICKEL COMPOUNDS,3.1547932709e-05,6429
Bottineau,38009,NITROBENZENE,0.0,6429
Bottineau,38009,O-TOLUIDINE,0.0,6429
Bottineau,38009,PAHPOM,2.3126835238000005e-05,6429
Bottineau,38009,PROPYLENE OXIDE,0.0,6429
Bottineau,38009,TETRACHLOROETHYLENE,0.0,6429
Bottineau,38009,TRICHLOROETHYLENE,0.0,6429
Bottineau,38009,VINYL CHLORIDE,0.0,6429
Bowman,38011,"1,1,2-TRICHLOROETHANE",0.0,3151
Bowman,38011,"1,3-BUTADIENE",5.407344232e-06,3151
Bowman,38011,"1,3-DICHLOROPROPENE",0.0,3151
Bowman,38011,"1,4-DICHLOROBENZENE",0.0,3151
Bowman,38011,"1,4-DIOXANE",0.0,3151
Bowman,38011,"2,4,6-TRICHLOROPHENOL",0.0,3151
Bowman,38011,"2,4-DINITROTOLUENE",0.0,3151
Bowman,38011,"2,4-TOLUENE DIISOCYANATE",0.0,3151
Bowman,38011,2-NITROPROPANE,0.0,3151
Bowman,38011,ACETALDEHYDE,7.1242579360000004e-06,3151
Bowman,38011,ACETAMIDE,0.0,3151
Bowman,38011,ACRYLONITRILE,0.0,3151
Bowman,38011,ALLYL CHLORIDE,0.0,3151
Bowman,38011,ARSENIC COMPOUNDS(INORGANIC INCLUDING ARSINE),5.261373466e-06,3151
Bowman,38011,BENZENE,9.307594874099999e-05,3151
Bowman,38011,BENZYL CHLORIDE,0.0,3151
Bowman,38011,BERYLLIUM COMPOUNDS,0.0,3151
Bowman,38011,BIS(2-ETHYLHEXYL)PHTHALATE (DEHP),0.0,3151
Bowman,38011,BROMOFORM,0.0,3151
Bowman,38011,CADMIUM COMPOUNDS,0.0,3151
Bowman,38011,CARBON TETRACHLORIDE,0.0,3151
Bowman,38011,CHLOROPRENE,0.0,3151
Bowman,38011,CHROMIUM VI (HEXAVALENT),2.0147707480000004e-06,3151
Bowman,38011,EPICHLOROHYDRIN,0.0,3151
Bowman,38011,ETHYLBENZENE,2.751074807e-06,3151
Bowman,38011,ETHYLENE DIBROMIDE (DIBROMOETHANE),0.0,3151
Bowman,38011,"ETHYLENE DICHLORIDE (1,2-DICHLOROETHANE)",0.0,3151
Bowman,38011,ETHYLENE OXIDE,0.0,3151
Bowman,38011,"ETHYLIDENE DICHLORIDE (1,1-DICHLOROETHANE)",0.0,3151
Bowman,38011,FORMALDEHYDE,0.000101644690498,3151
Bowman,38011,HEXACHLOROBENZENE,0.0,3151
Bowman,38011,HEXACHLOROBUTADIENE,0.0,3151
Bowman,38011,METHYL TERT-BUTYL ETHER,0.0,3151
Bowman,38011,METHYLENE CHLORIDE,0.0,3151
Bowman,38011,NAPHTHALENE,1.6213503609e-05,3151
Bowman,38011,NICKEL COMPOUNDS,3.09786531e-06,3151
Bowman,38011,NITROBENZENE,0.0,3151
Bowman,38011,O-TOLUIDINE,0.0,3151
Bowman,38011,PAHPOM,1.805687764e-06,3151
Bowman,38011,PROPYLENE OXIDE,0.0,3151
Bowman,38011,TETRACHLOROETHYLENE,0.0,3151
Bowman,38011,TRICHLOROETHYLENE,0.0,3151
Bowman,38011,VINYL CHLORIDE,0.0,3151
Burke,38013,"1,1,2-TRICHLOROETHANE",0.0,1968
Burke,38013,"1,3-BUTADIENE",1.9244588879999997e-05,1968
Burke,38013,"1,3-DICHLOROPROPENE",0.0,1968
Burke,38013,"1,4-DICHLOROBENZENE",0.0,1968
Burke,38013,"1,4-DIOXANE",0.0,1968
Burke,38013,"2,4,6-TRICHLOROPHENOL",0.0,1968
Burke,38013,"2,4-DINITROTOLUENE",0.0,1968
Burke,38013,"2,4-TOLUENE DIISOCYANATE",0.0,1968
Burke,38013,2-NITROPROPANE,0.0,1968
Burke,38013,ACETALDEHYDE,4.6638711838e-05,1968
Burke,38013,ACETAMIDE,0.0,1968
Burke,38013,ACRYLONITRILE,0.0,1968
Burke,38013,ALLYL CHLORIDE,0.0,1968
Burke,38013,ARSENIC COMPOUNDS(INORGANIC INCLUDING ARSINE),1.0878720499999999e-05,1968
Burke,38013,BENZENE,0.00046553821160300003,1968
Burke,38013,BENZYL CHLORIDE,0.0,1968
Burke,38013,BERYLLIUM COMPOUNDS,0.0,1968
Burke,38013,BIS(2-ETHYLHEXYL)PHTHALATE (DEHP),0.0,1968
Burke,38013,CADMIUM COMPOUNDS,0.0,1968
Burke,38013,CARBON TETRACHLORIDE,0.0,1968
Burke,38013,CHLOROPRENE,0.0,1968
Burke,38013,CHROMIUM VI (HEXAVALENT),3.528516e-06,1968
Burke,38013,EPICHLOROHYDRIN,0.0,1968
Burke,38013,ETHYLBENZENE,1.0073016308e-05,1968
Burke,38013,ETHYLENE DIBROMIDE (DIBROMOETHANE),0.0,1968
Burke,38013,"ETHYLENE DICHLORIDE (1,2-DICHLOROETHANE)",0.0,1968
Burke,38013,ETHYLENE OXIDE,0.0,1968
Burke,38013,"ETHYLIDENE DICHLORIDE (1,1-DICHLOROETHANE)",0.0,1968
Burke,38013,FORMALDEHYDE,0.000516622646774,1968
Burke,38013,HEXACHLOROBENZENE,0.0,1968
Burke,38013,HEXACHLOROBUTADIENE,0.0,1968
Burke,38013,METHYL TERT-BUTYL ETHER,0.0,1968
Burke,38013,METHYLENE CHLORIDE,0.0,1968
Burke,38013,NAPHTHALENE,7.0760086102e-05,1968
Burke,38013,NICKEL COMPOUNDS,7.85331648e-06,1968
Burke,38013,NITROBENZENE,0.0,1968
Burke,38013,O-TOLUIDINE,0.0,1968
Burke,38013,PAHPOM,7.041036173e-06,1968
Burke,38013,PROPYLENE OXIDE,0.0,1968
Burke,38013,TETRACHLOROETHYLENE,0.0,1968
Burke,38013,TRICHLOROETHYLENE,0.0,1968
Burke,38013,VINYL CHLORIDE,0.0,1968
Burleigh,38015,"1,1,2-TRICHLOROETHANE",0.0,81308
Burleigh,38015,"1,3-BUTADIENE",0.002320761502489,81308
Burleigh,38015,"1,4-DICHLOROBENZENE",0.0,81308
Burleigh,38015,"1,4-DIOXANE",0.0,81308
Burleigh,38015,"2,4,6-TRICHLOROPHENOL",0.0,81308
Burleigh,38015,"2,4-DINITROTOLUENE",0.0,81308
Burleigh,38015,"2,4-TOLUENE DIISOCYANATE",0.0,81308
Burleigh,38015,2-NITROPROPANE,0.0,81308
Burleigh,38015,ACETALDEHYDE,0.0038874403971429997,81308
Burleigh,38015,ACETAMIDE,0.0,81308
Burleigh,38015,ACRYLONITRILE,0.0,81308
Burleigh,38015,ALLYL CHLORIDE,0.0,81308
Burleigh,38015,ARSENIC COMPOUNDS(INORGANIC INCLUDING ARSINE),0.000332676465288,81308
Burleigh,38015,BENZENE,0.021600647900575,81308
Burleigh,38015,BENZYL CHLORIDE,0.0,81308
Burleigh,38015,BERYLLIUM COMPOUNDS,0.0,81308
Burleigh,38015,BIS(2-ETHYLHEXYL)PHTHALATE (DEHP),0.0,81308
Burleigh,38015,BROMOFORM,0.0,81308
Burleigh,38015,CADMIUM COMPOUNDS,0.0,81308
Burleigh,38015,CARBON TETRACHLORIDE,0.0,81308
Burleigh,38015,CHLOROPRENE,0.0,81308
Burleigh,38015,CHROMIUM VI (HEXAVALENT),2.2171492921e-05,81308
Burleigh,38015,EPICHLOROHYDRIN,0.0,81308
Burleigh,38015,ETHYLBENZENE,0.0008037553431709999,81308
Burleigh,38015,ETHYLENE DIBROMIDE (DIBROMOETHANE),0.0,81308
Burleigh,38015,"ETHYLENE DICHLORIDE (1,2-DICHLOROETHANE)",0.0,81308
Burleigh,38015,ETHYLENE OXIDE,0.0,81308
Burleigh,38015,FORMALDEHYDE,0.064579421755489,81308
Burleigh,38015,HEXACHLOROBENZENE,0.0,81308
Burleigh,38015,HEXACHLOROBUTADIENE,0.0,81308
Burleigh,38015,METHYL TERT-BUTYL ETHER,0.0,81308
Burleigh,38015,METHYLENE CHLORIDE,0.0,81308
Burleigh,38015,NAPHTHALENE,0.005491071720319999,81308
Burleigh,38015,NICKEL COMPOUNDS,0.000160966791475,81308
Burleigh,38015,NITROBENZENE,0.0,81308
Burleigh,38015,O-TOLUIDINE,0.0,81308
Burleigh,38015,PAHPOM,0.00039742052847199994,81308
Burleigh,38015,PROPYLENE OXIDE,0.0,81308
Burleigh,38015,TETRACHLOROETHYLENE,0.0,81308
Burleigh,38015,TRICHLOROETHYLENE,0.0,81308
Burleigh,38015,VINYL CHLORIDE,0.0,81308
Cass,38017,"1,1,2-TRICHLOROETHANE",0.0,149778
Cass,38017,"1,3-BUTADIENE",0.004653291065434,149778
Cass,38017,"1,3-DICHLOROPROPENE",0.0,149778
Cass,38017,"1,4-DICHLOROBENZENE",0.0,149778
Cass,38017,"1,4-DIOXANE",0.0,149778
Cass,38017,"2,4,6-TRICHLOROPHENOL",0.0,149778
Cass,38017,"2,4-DINITROTOLUENE",0.0,149778
Cass,38017,"2,4-TOLUENE DIISOCYANATE",0.0,149778
Cass,38017,2-NITROPROPANE,0.0,149778
Cass,38017,ACETALDEHYDE,0.008345414475908001,149778
Cass,38017,ACETAMIDE,0.0,149778
Cass,38017,ACRYLONITRILE,0.0,149778
Cass,38017,ALLYL CHLORIDE,0.0,149778
Cass,38017,ARSENIC COMPOUNDS(INORGANIC INCLUDING ARSINE),0.0005224222656690001,149778
Cass,38017,BENZENE,0.034183539825253,149778
Cass,38017,BENZYL CHLORIDE,0.0,149778
Cass,38017,BERYLLIUM COMPOUNDS,0.0,149778
Cass,38017,BIS(2-ETHYLHEXYL)PHTHALATE (DEHP),0.0,149778
Cass,38017,BROMOFORM,0.0,149778
Cass,38017,CADMIUM COMPOUNDS,0.0,149778
Cass,38017,CARBON TETRACHLORIDE,0.0,149778
Cass,38017,CHLOROPRENE,0.0,149778
Cass,38017,CHROMIUM VI (HEXAVALENT),3.1546551271e-05,149778
Cass,38017,EPICHLOROHYDRIN,0.0,149778
Cass,38017,ETHYLBENZENE,0.001519772388934,149778
Cass,38017,ETHYLENE DIBROMIDE (DIBROMOETHANE),0.0,149778
Cass,38017,"ETHYLENE DICHLORIDE (1,2-DICHLOROETHANE)",0.0,149778
Cass,38017,ETHYLENE OXIDE,0.0,149778
Cass,38017,"ETHYLIDENE DICHLORIDE (1,1-DICHLOROETHANE)",0.0,149778
Cass,38017,FORMALDEHYDE,0.12083355094235901,149778
Cass,38017,HEXACHLOROBENZENE,0.0,149778
Cass,38017,HEXACHLOROBUTADIENE,0.0,149778
Cass,38017,METHYL TERT-BUTYL ETHER,0.0,149778
Cass,38017,METHYLENE CHLORIDE,0.0,149778
Cass,38017,NAPHTHALENE,0.010445196888205001,149778
Cass,38017,NICKEL COMPOUNDS,0.00013967268335400001,149778
Cass,38017,NITROBENZENE,0.0,149778
Cass,38017,O-TOLUIDINE,0.0,149778
Cass,38017,PAHPOM,0.000693243581091,149778
Cass,38017,PENTACHLOROPHENOL,0.0,149778
Cass,38017,POLYCHLORINATED BIPHENYLS (AROCLORS),0.0,149778
Cass,38017,PROPYLENE OXIDE,0.0,149778
Cass,38017,TETRACHLOROETHYLENE,0.0,149778
Cass,38017,TRICHLOROETHYLENE,0.0,149778
Cass,38017,VINYL CHLORIDE,0.0,149778
Cavalier,38019,"1,1,2-TRICHLOROETHANE",0.0,3990
Cavalier,38019,"1,3-BUTADIENE",6.7236375632e-05,3990
Cavalier,38019,"1,4-DICHLOROBENZENE",0.0,3990
Cavalier,38019,"1,4-DIOXANE",0.0,3990
Cavalier,38019,"2,4,6-TRICHLOROPHENOL",0.0,3990
Cavalier,38019,"2,4-DINITROTOLUENE",0.0,3990
Cavalier,38019,"2,4-TOLUENE DIISOCYANATE",0.0,3990
Cavalier,38019,2-NITROPROPANE,0.0,3990
Cavalier,38019,ACETALDEHYDE,0.000123452290159,3990
Cavalier,38019,ACETAMIDE,0.0,3990
Cavalier,38019,ACRYLONITRILE,0.0,3990
Cavalier,38019,ALLYL CHLORIDE,0.0,3990
Cavalier,38019,ARSENIC COMPOUNDS(INORGANIC INCLUDING ARSINE),5.734135332399999e-05,3990
Cavalier,38019,BENZENE,0.004444476875399,3990
Cavalier,38019,BENZYL CHLORIDE,0.0,3990
Cavalier,38019,BERYLLIUM COMPOUNDS,0.0,3990
Cavalier,38019,BIS(2-ETHYLHEXYL)PHTHALATE (DEHP),0.0,3990
Cavalier,38019,CADMIUM COMPOUNDS,0.0,3990
Cavalier,38019,CARBON TETRACHLORIDE,0.0,3990
Cavalier,38019,CHLOROPRENE,0.0,3990
Cavalier,38019,CHROMIUM VI (HEXAVALENT),2.8739862586e-05,3990
Cavalier,38019,EPICHLOROHYDRIN,0.0,3990
Cavalier,38019,ETHYLBENZENE,3.9981226546e-05,3990
Cavalier,38019,"ETHYLENE DICHLORIDE (1,2-DICHLOROETHANE)",0.0,3990
Cavalier,38019,ETHYLENE OXIDE,0.0,3990
Cavalier,38019,FORMALDEHYDE,0.001437405295839,3990
Cavalier,38019,HEXACHLOROBENZENE,0.0,3990
Cavalier,38019,HEXACHLOROBUTADIENE,0.0,3990
Cavalier,38019,METHYL TERT-BUTYL ETHER,0.0,3990
Cavalier,38019,METHYLENE CHLORIDE,0.0,3990
Cavalier,38019,NAPHTHALENE,0.000236211071247,3990
Cavalier,38019,NICKEL COMPOUNDS,2.5902636767e-05,3990
Cavalier,38019,NITROBENZENE,0.0,3990
Cavalier,38019,O-TOLUIDINE,0.0,3990
Cavalier,38019,PAHPOM,1.7399182146999998e-05,3990
Cavalier,38019,PROPYLENE OXIDE,0.0,3990
Cavalier,38019,TETRACHLOROETHYLENE,0.0,3990
Cavalier,38019,TRICHLOROETHYLENE,0.0,3990
Cavalier,38019,VINYL CHLORIDE,0.0,3990
Dickey,38021,"1,1,2-TRICHLOROETHANE",0.0,5289
Dickey,38021,"1,3-BUTADIENE",0.00010321352874299999,5289
Dickey,38021,"1,4-DICHLOROBENZENE",0.0,5289
Dickey,38021,"1,4-DIOXANE",0.0,5289
Dickey,38021,"2,4,6-TRICHLOROPHENOL",0.0,5289
Dickey,38021,"2,4-DINITROTOLUENE",0.0,5289
Dickey,38021,"2,4-TOLUENE DIISOCYANATE",0.0,5289
Dickey,38021,2-NITROPROPANE,0.0,5289
Dickey,38021,ACETALDEHYDE,0.00014484715133200002,5289
Dickey,38021,ACETAMIDE,0.0,5289
Dickey,38021,ACRYLONITRILE,0.0,5289
Dickey,38021,ALLYL CHLORIDE,0.0,5289
Dickey,38021,ARSENIC COMPOUNDS(INORGANIC INCLUDING ARSINE),0.000132209073979,5289
Dickey,38021,BENZENE,0.005039406227345999,5289
Dickey,38021,BENZYL CHLORIDE,0.0,5289
Dickey,38021,BERYLLIUM COMPOUNDS,0.0,5289
Dickey,38021,BIS(2-ETHYLHEXYL)PHTHALATE (DEHP),0.0,5289
Dickey,38021,CADMIUM COMPOUNDS,0.0,5289
Dickey,38021,CARBON TETRACHLORIDE,0.0,5289
Dickey,38021,CHLOROPRENE,0.0,5289
Dickey,38021,CHROMIUM VI (HEXAVALENT),5.3076133736e-05,5289
Dickey,38021,EPICHLOROHYDRIN,0.0,5289
Dickey,38021,ETHYLBENZENE,6.163817186000001e-05,5289
Dickey,38021,"ETHYLENE DICHLORIDE (1,2-DICHLOROETHANE)",0.0,5289
Dickey,38021,ETHYLENE OXIDE,0.0,5289
Dickey,38021,FORMALDEHYDE,0.001503149744325,5289
Dickey,38021,HEXACHLOROBENZENE,0.0,5289
Dickey,38021,HEXACHLOROBUTADIENE,0.0,5289
Dickey,38021,METHYL TERT-BUTYL ETHER,0.0,5289
Dickey,38021,METHYLENE CHLORIDE,0.0,5289
Dickey,38021,NAPHTHALENE,0.00037559236303,5289
Dickey,38021,NICKEL COMPOUNDS,7.415248871799999e-05,5289
Dickey,38021,NITROBENZENE,0.0,5289
Dickey,38021,O-TOLUIDINE,0.0,5289
Dickey,38021,PAHPOM,3.3833111166999996e-05,5289
Dickey,38021,PROPYLENE OXIDE,0.0,5289
Dickey,38021,TETRACHLOROETHYLENE,0.0,5289
Dickey,38021,TRICHLOROETHYLENE,0.0,5289
Dickey,38021,VINYL CHLORIDE,0.0,5289
Divide,38023,"1,1,2-TRICHLOROETHANE",0.0,2071
Divide,38023,"1,3-BUTADIENE",2.3541360239999998e-05,2071
Divide,38023,"1,3-DICHLOROPROPENE",0.0,2071
Divide,38023,"1,4-DICHLOROBENZENE",0.0,2071
Divide,38023,"1,4-DIOXANE",0.0,2071
Divide,38023,"2,4,6-TRICHLOROPHENOL",0.0,2071
Divide,38023,"2,4-DINITROTOLUENE",0.0,2071
Divide,38023,"2,4-TOLUENE DIISOCYANATE",0.0,2071
Divide,38023,2-NITROPROPANE,0.0,2071
Divide,38023,ACETALDEHYDE,4.7151374721e-05,2071
Divide,38023,ACETAMIDE,0.0,2071
Divide,38023,ACRYLONITRILE,0.0,2071
Divide,38023,ALLYL CHLORIDE,0.0,2071
Divide,38023,ARSENIC COMPOUNDS(INORGANIC INCLUDING ARSINE),1.02180255e-05,2071
Divide,38023,BENZENE,0.00035105752776099994,2071
Divide,38023,BENZYL CHLORIDE,0.0,2071
Divide,38023,BERYLLIUM COMPOUNDS,0.0,2071
Divide,38023,BIS(2-ETHYLHEXYL)PHTHALATE (DEHP),0.0,2071
Divide,38023,BROMOFORM,0.0,2071
Divide,38023,CADMIUM COMPOUNDS,0.0,2071
Divide,38023,CARBON TETRACHLORIDE,0.0,2071
Divide,38023,CHLOROPRENE,0.0,2071
Divide,38023,CHROMIUM VI (HEXAVALENT),5.834880000000001e-06,2071
Divide,38023,EPICHLOROHYDRIN,0.0,2071
Divide,38023,ETHYLBENZENE,1.287695127e-05,2071
Divide,38023,ETHYLENE DIBROMIDE (DIBROMOETHANE),0.0,2071
Divide,38023,"ETHYLENE DICHLORIDE (1,2-DICHLOROETHANE)",0.0,2071
Divide,38023,ETHYLENE OXIDE,0.0,2071
Divide,38023,"ETHYLIDENE DICHLORIDE (1,1-DICHLOROETHANE)",0.0,2071
Divide,38023,FORMALDEHYDE,0.000577140272488,2071
Divide,38023,HEXACHLOROBENZENE,0.0,2071
Divide,38023,HEXACHLOROBUTADIENE,0.0,2071
Divide,38023,METHYL TERT-BUTYL ETHER,0.0,2071
Divide,38023,METHYLENE CHLORIDE,0.0,2071
Divide,38023,NAPHTHALENE,8.094028083e-05,2071
Divide,38023,NICKEL COMPOUNDS,6.662158559999999e-06,2071
Divide,38023,NITROBENZENE,0.0,2071
Divide,38023,O-TOLUIDINE,0.0,2071
Divide,38023,PAHPOM,7.078693267000001e-06,2071
Divide,38023,PROPYLENE OXIDE,0.0,2071
Divide,38023,TETRACHLOROETHYLENE,0.0,2071
Divide,38023,TRICHLOROETHYLENE,0.0,2071
Divide,38023,VINYL CHLORIDE,0.0,2071
Dunn,38025,"1,1,2-TRICHLOROETHANE",0.0,3536
Dunn,38025,"1,3-BUTADIENE",3.5282944200000004e-05,3536
Dunn,38025,"1,3-DICHLOROPROPENE",0.0,3536
Dunn,38025,"1,4-DICHLOROBENZENE",0.0,3536
Dunn,38025,"1,4-DIOXANE",0.0,3536
Dunn,38025,"2,4,6-TRICHLOROPHENOL",0.0,3536
Dunn,38025,"2,4-DINITROTOLUENE",0.0,3536
Dunn,38025,"2,4-TOLUENE DIISOCYANATE",0.0,3536
Dunn,38025,2-NITROPROPANE,0.0,3536
Dunn,38025,ACETALDEHYDE,4.9933412716000005e-05,3536
Dunn,38025,ACETAMIDE,0.0,3536
Dunn,38025,ACRYLONITRILE,0.0,3536
Dunn,38025,ALLYL CHLORIDE,0.0,3536
Dunn,38025,ARSENIC COMPOUNDS(INORGANIC INCLUDING ARSINE),1.08240245e-05,3536
Dunn,38025,BENZENE,0.00022307940745,3536
Dunn,38025,BENZYL CHLORIDE,0.0,3536
Dunn,38025,BERYLLIUM COMPOUNDS,0.0,3536
Dunn,38025,BIS(2-ETHYLHEXYL)PHTHALATE (DEHP),0.0,3536
Dunn,38025,BROMOFORM,0.0,3536
Dunn,38025,CADMIUM COMPOUNDS,0.0,3536
Dunn,38025,CARBON TETRACHLORIDE,0.0,3536
Dunn,38025,CHLOROPRENE,0.0,3536
Dunn,38025,CHROMIUM VI (HEXAVALENT),1.8641424e-05,3536
Dunn,38025,EPICHLOROHYDRIN,0.0,3536
Dunn,38025,ETHYLBENZENE,1.4589376267999999e-05,3536
Dunn,38025,ETHYLENE DIBROMIDE (DIBROMOETHANE),0.0,3536
Dunn,38025,"ETHYLENE DICHLORIDE (1,2-DICHLOROETHANE)",0.0,3536
Dunn,38025,ETHYLENE OXIDE,0.0,3536
Dunn,38025,"ETHYLIDENE DICHLORIDE (1,1-DICHLOROETHANE)",0.0,3536
Dunn,38025,FORMALDEHYDE,0.000701704060109,3536
Dunn,38025,HEXACHLOROBENZENE,0.0,3536
Dunn,38025,HEXACHLOROBUTADIENE,0.0,3536
Dunn,38025,METHYL TERT-BUTYL ETHER,0.0,3536
Dunn,38025,METHYLENE CHLORIDE,0.0,3536
Dunn,38025,NAPHTHALENE,0.000104537268462,3536
Dunn,38025,NICKEL COMPOUNDS,6.01614816e-06,3536
Dunn,38025,NITROBENZENE,0.0,3536
Dunn,38025,O-TOLUIDINE,0.0,3536
Dunn,38025,PAHPOM,1.198352785e-05,3536
Dunn,38025,PROPYLENE OXIDE,0.0,3536
Dunn,38025,TETRACHLOROETHYLENE,0.0,3536
Dunn,38025,TRICHLOROETHYLENE,0.0,3536
Dunn,38025,VINYL CHLORIDE,0.0,3536
Eddy,38027,"1,1,2-TRICHLOROETHANE",0.0,2385
Eddy,38027,"1,3-BUTADIENE",1.925674287e-05,2385
Eddy,38027,"1,4-DICHLOROBENZENE",0.0,2385
Eddy,38027,"1,4-DIOXANE",0.0,2385
Eddy,38027,"2,4,6-TRICHLOROPHENOL",0.0,2385
Eddy,38027,"2,4-DINITROTOLUENE",0.0,2385
Eddy,38027,"2,4-TOLUENE DIISOCYANATE",0.0,2385
Eddy,38027,2-NITROPROPANE,0.0,2385
Eddy,38027,ACETALDEHYDE,2.9138819043000002e-05,2385
Eddy,38027,ACETAMIDE,0.0,2385
Eddy,38027,ACRYLONITRILE,0.0,2385
Eddy,38027,ALLYL CHLORIDE,0.0,2385
Eddy,38027,ARSENIC COMPOUNDS(INORGANIC INCLUDING ARSINE),1.6209839e-05,2385
Eddy,38027,BENZENE,0.001277378623669,2385
Eddy,38027,BENZYL CHLORIDE,0.0,2385
Eddy,38027,BERYLLIUM COMPOUNDS,0.0,2385
Eddy,38027,BIS(2-ETHYLHEXYL)PHTHALATE (DEHP),0.0,2385
Eddy,38027,CADMIUM COMPOUNDS,0.0,2385
Eddy,38027,CARBON TETRACHLORIDE,0.0,2385
Eddy,38027,CHLOROPRENE,0.0,2385
Eddy,38027,CHROMIUM VI (HEXAVALENT),1.5495359999999999e-06,2385
Eddy,38027,EPICHLOROHYDRIN,0.0,2385
Eddy,38027,ETHYLBENZENE,1.044366848e-05,2385
Eddy,38027,"ETHYLENE DICHLORIDE (1,2-DICHLOROETHANE)",0.0,2385
Eddy,38027,ETHYLENE OXIDE,0.0,2385
Eddy,38027,FORMALDEHYDE,0.00038780962134199996,2385
Eddy,38027,HEXACHLOROBENZENE,0.0,2385
Eddy,38027,HEXACHLOROBUTADIENE,0.0,2385
Eddy,38027,METHYL TERT-BUTYL ETHER,0.0,2385
Eddy,38027,METHYLENE CHLORIDE,0.0,2385
Eddy,38027,NAPHTHALENE,6.3433157434e-05,2385
Eddy,38027,NICKEL COMPOUNDS,7.87946496e-06,2385
Eddy,38027,NITROBENZENE,0.0,2385
Eddy,38027,O-TOLUIDINE,0.0,2385
Eddy,38027,PAHPOM,5.395667837e-06,2385
Eddy,38027,PROPYLENE OXIDE,0.0,2385
Eddy,38027,TETRACHLOROETHYLENE,0.0,2385
Eddy,38027,TRICHLOROETHYLENE,0.0,2385
Eddy,38027,VINYL CHLORIDE,0.0,2385
Emmons,38029,"1,1,2-TRICHLOROETHANE",0.0,3550
Emmons,38029,"1,3-BUTADIENE",7.742021136e-05,3550
Emmons,38029,"1,4-DICHLOROBENZENE",0.0,3550
Emmons,38029,"1,4-DIOXANE",0.0,3550
Emmons,38029,"2,4,6-TRICHLOROPHENOL",0.0,3550
Emmons,38029,"2,4-DINITROTOLUENE",0.0,3550
Emmons,38029,"2,4-TOLUENE DIISOCYANATE",0.0,3550
Emmons,38029,2-NITROPROPANE,0.0,3550
Emmons,38029,ACETALDEHYDE,0.000117275025762,3550
Emmons,38029,ACETAMIDE,0.0,3550
Emmons,38029,ACRYLONITRILE,0.0,3550
Emmons,38029,ALLYL CHLORIDE,0.0,3550
Emmons,38029,ARSENIC COMPOUNDS(INORGANIC INCLUDING ARSINE),8.22158968e-05,3550
Emmons,38029,BENZENE,0.004859927940246999,3550
Emmons,38029,BENZYL CHLORIDE,0.0,3550
Emmons,38029,BERYLLIUM COMPOUNDS,0.0,3550
Emmons,38029,BIS(2-ETHYLHEXYL)PHTHALATE (DEHP),0.0,3550
Emmons,38029,BROMOFORM,0.0,3550
Emmons,38029,CADMIUM COMPOUNDS,0.0,3550
Emmons,38029,CARBON TETRACHLORIDE,0.0,3550
Emmons,38029,CHLOROPRENE,0.0,3550
Emmons,38029,CHROMIUM VI (HEXAVALENT),2.6298732e-05,3550
Emmons,38029,EPICHLOROHYDRIN,0.0,3550
Emmons,38029,ETHYLBENZENE,5.0145172668000004e-05,3550
Emmons,38029,ETHYLENE DIBROMIDE (DIBROMOETHANE),0.0,3550
Emmons,38029,"ETHYLENE DICHLORIDE (1,2-DICHLOROETHANE)",0.0,3550
Emmons,38029,ETHYLENE OXIDE,0.0,3550
Emmons,38029,FORMALDEHYDE,0.0017671588596479997,3550
Emmons,38029,HEXACHLOROBENZENE,0.0,3550
Emmons,38029,HEXACHLOROBUTADIENE,0.0,3550
Emmons,38029,METHYL TERT-BUTYL ETHER,0.0,3550
Emmons,38029,METHYLENE CHLORIDE,0.0,3550
Emmons,38029,NAPHTHALENE,0.000285048754634,3550
Emmons,38029,NICKEL COMPOUNDS,7.437548544e-05,3550
Emmons,38029,NITROBENZENE,0.0,3550
Emmons,38029,O-TOLUIDINE,0.0,3550
Emmons,38029,PAHPOM,3.0960869549000006e-05,3550
Emmons,38029,PROPYLENE OXIDE,0.0,3550
Emmons,38029,TETRACHLOROETHYLENE,0.0,3550
Emmons,38029,TRICHLOROETHYLENE,0.0,3550
Emmons,38029,VINYL CHLORIDE,0.0,3550
Foster,38031,"1,1,2-TRICHLOROETHANE",0.0,3343
Foster,38031,"1,3-BUTADIENE",9.68618082e-06,3343
Foster,38031,"1,4-DICHLOROBENZENE",0.0,3343
Foster,38031,"1,4-DIOXANE",0.0,3343
Foster,38031,"2,4,6-TRICHLOROPHENOL",0.0,3343
Foster,38031,"2,4-DINITROTOLUENE",0.0,3343
Foster,38031,"2,4-TOLUENE DIISOCYANATE",0.0,3343
Foster,38031,2-NITROPROPANE,0.0,3343
Foster,38031,ACETALDEHYDE,1.4632602017000002e-05,3343
Foster,38031,ACETAMIDE,0.0,3343
Foster,38031,ACRYLONITRILE,0.0,3343
Foster,38031,ALLYL CHLORIDE,0.0,3343
Foster,38031,ARSENIC COMPOUNDS(INORGANIC INCLUDING ARSINE),6.8413172e-06,3343
Foster,38031,BENZENE,0.0005506756537389999,3343
Foster,38031,BENZYL CHLORIDE,0.0,3343
Foster,38031,BERYLLIUM COMPOUNDS,0.0,3343
Foster,38031,BIS(2-ETHYLHEXYL)PHTHALATE (DEHP),0.0,3343
Foster,38031,CADMIUM COMPOUNDS,0.0,3343
Foster,38031,CARBON TETRACHLORIDE,0.0,3343
Foster,38031,CHLOROPRENE,0.0,3343
Foster,38031,CHROMIUM VI (HEXAVALENT),1.162992e-06,3343
Foster,38031,EPICHLOROHYDRIN,0.0,3343
Foster,38031,ETHYLBENZENE,5.29759859e-06,3343
Foster,38031,"ETHYLENE DICHLORIDE (1,2-DICHLOROETHANE)",0.0,3343
Foster,38031,ETHYLENE OXIDE,0.0,3343
Foster,38031,FORMALDEHYDE,0.00019724574901199996,3343
Foster,38031,HEXACHLOROBENZENE,0.0,3343
Foster,38031,HEXACHLOROBUTADIENE,0.0,3343
Foster,38031,METHYL TERT-BUTYL ETHER,0.0,3343
Foster,38031,METHYLENE CHLORIDE,0.0,3343
Foster,38031,NAPHTHALENE,2.9966815688e-05,3343
Foster,38031,NICKEL COMPOUNDS,4.281732e-06,3343
Foster,38031,NITROBENZENE,0.0,3343
Foster,38031,O-TOLUIDINE,0.0,3343
Foster,38031,PAHPOM,2.6822460960000003e-06,3343
Foster,38031,PROPYLENE OXIDE,0.0,3343
Foster,38031,TETRACHLOROETHYLENE,0.0,3343
Foster,38031,TRICHLOROETHYLENE,0.0,3343
Foster,38031,VINYL CHLORIDE,0.0,3343
Golden Valley,38033,"1,1,2-TRICHLOROETHANE",0.0,1680
Golden Valley,38033,"1,3-BUTADIENE",8.555108367000001e-05,1680
Golden Valley,38033,"1,3-DICHLOROPROPENE",0.0,1680
Golden Valley,38033,"1,4-DICHLOROBENZENE",0.0,1680
Golden Valley,38033,"1,4-DIOXANE",0.0,1680
Golden Valley,38033,"2,4,6-TRICHLOROPHENOL",0.0,1680
Golden Valley,38033,"2,4-DINITROTOLUENE",0.0,1680
Golden Valley,38033,"2,4-TOLUENE DIISOCYANATE",0.0,1680
Golden Valley,38033,2-NITROPROPANE,0.0,1680
Golden Valley,38033,ACETALDEHYDE,0.00012162665959600002,1680
Golden Valley,38033,ACETAMIDE,0.0,1680
Golden Valley,38033,ACRYLONITRILE,0.0,1680
Golden Valley,38033,ALLYL CHLORIDE,0.0,1680
Golden Valley,38033,ARSENIC COMPOUNDS(INORGANIC INCLUDING ARSINE),5.73796472e-05,1680
Golden Valley,38033,BENZENE,0.002864991486154,1680
Golden Valley,38033,BENZYL CHLORIDE,0.0,1680
Golden Valley,38033,BERYLLIUM COMPOUNDS,0.0,1680
Golden Valley,38033,BIS(2-ETHYLHEXYL)PHTHALATE (DEHP),0.0,1680
Golden Valley,38033,BROMOFORM,0.0,1680
Golden Valley,38033,CADMIUM COMPOUNDS,0.0,1680
Golden Valley,38033,CARBON TETRACHLORIDE,0.0,1680
Golden Valley,38033,CHLOROPRENE,0.0,1680
Golden Valley,38033,CHROMIUM VI (HEXAVALENT),6.622139999999999e-06,1680
Golden Valley,38033,EPICHLOROHYDRIN,0.0,1680
Golden Valley,38033,ETHYLBENZENE,4.638293683e-05,1680
Golden Valley,38033,ETHYLENE DIBROMIDE (DIBROMOETHANE),0.0,1680
Golden Valley,38033,"ETHYLENE DICHLORIDE (1,2-DICHLOROETHANE)",0.0,1680
Golden Valley,38033,ETHYLENE OXIDE,0.0,1680
Golden Valley,38033,"ETHYLIDENE DICHLORIDE (1,1-DICHLOROETHANE)",0.0,1680
Golden Valley,38033,FORMALDEHYDE,0.002007950076821,1680
Golden Valley,38033,HEXACHLOROBENZENE,0.0,1680
Golden Valley,38033,HEXACHLOROBUTADIENE,0.0,1680
Golden Valley,38033,METHYL TERT-BUTYL ETHER,0.0,1680
Golden Valley,38033,METHYLENE CHLORIDE,0.0,1680
Golden Valley,38033,NAPHTHALENE,0.00022289857343,1680
Golden Valley,38033,NICKEL COMPOUNDS,3.342905376e-05,1680
Golden Valley,38033,NITROBENZENE,0.0,1680
Golden Valley,38033,O-TOLUIDINE,0.0,1680
Golden Valley,38033,PAHPOM,2.4407999203e-05,1680
Golden Valley,38033,PROPYLENE OXIDE,0.0,1680
Golden Valley,38033,TETRACHLOROETHYLENE,0.0,1680
Golden Valley,38033,TRICHLOROETHYLENE,0.0,1680
Golden Valley,38033,VINYL CHLORIDE,0.0,1680
Grand Forks,38035,"1,1,2-TRICHLOROETHANE",0.0,66861
Grand Forks,38035,"1,3-BUTADIENE",0.0024969184381900002,66861
Grand Forks,38035,"1,3-DICHLOROPROPENE",0.0,66861
Grand Forks,38035,"1,4-DICHLOROBENZENE",0.0,66861
Grand Forks,38035,"1,4-DIOXANE",0.0,66861
Grand Forks,38035,"2,4,6-TRICHLOROPHENOL",0.0,66861
Grand Forks,38035,"2,4-DINITROTOLUENE",0.0,66861
Grand Forks,38035,"2,4-TOLUENE DIISOCYANATE",0.0,66861
Grand Forks,38035,2-NITROPROPANE,0.0,66861
Grand Forks,38035,ACETALDEHYDE,0.004345233708264,66861
Grand Forks,38035,ACETAMIDE,0.0,66861
Grand Forks,38035,ACRYLONITRILE,0.0,66861
Grand Forks,38035,ALLYL CHLORIDE,0.0,66861
Grand Forks,38035,ARSENIC COMPOUNDS(INORGANIC INCLUDING ARSINE),0.00016907619628799998,66861
Grand Forks,38035,BENZENE,0.022993456849948,66861
Grand Forks,38035,BENZYL CHLORIDE,0.0,66861
Grand Forks,38035,BERYLLIUM COMPOUNDS,0.0,66861
Grand Forks,38035,BIS(2-ETHYLHEXYL)PHTHALATE (DEHP),0.0,66861
Grand Forks,38035,BROMOFORM,0.0,66861
Grand Forks,38035,CADMIUM COMPOUNDS,0.0,66861
Grand Forks,38035,CARBON TETRACHLORIDE,0.0,66861
Grand Forks,38035,CHLOROPRENE,0.0,66861
Grand Forks,38035,CHROMIUM VI (HEXAVALENT),2.891412657e-05,66861
Grand Forks,38035,EPICHLOROHYDRIN,0.0,66861
Grand Forks,38035,ETHYLBENZENE,0.00087430280174,66861
Grand Forks,38035,ETHYLENE DIBROMIDE (DIBROMOETHANE),0.0,66861
Grand Forks,38035,"ETHYLENE DICHLORIDE (1,2-DICHLOROETHANE)",0.0,66861
Grand Forks,38035,ETHYLENE OXIDE,0.0,66861
Grand Forks,38035,"ETHYLIDENE DICHLORIDE (1,1-DICHLOROETHANE)",0.0,66861
Grand Forks,38035,FORMALDEHYDE,0.061736355800299,66861
Grand Forks,38035,HEXACHLOROBENZENE,0.0,66861
Grand Forks,38035,HEXACHLOROBUTADIENE,0.0,66861
Grand Forks,38035,METHYL TERT-BUTYL ETHER,0.0,66861
Grand Forks,38035,METHYLENE CHLORIDE,0.0,66861
Grand Forks,38035,NAPHTHALENE,0.00586432979051,66861
Grand Forks,38035,NICKEL COMPOUNDS,8.0433663682e-05,66861
Grand Forks,38035,NITROBENZENE,0.0,66861
Grand Forks,38035,O-TOLUIDINE,0.0,66861
Grand Forks,38035,PAHPOM,0.0003492355946619999,66861
Grand Forks,38035,PENTACHLOROPHENOL,0.0,66861
Grand Forks,38035,POLYCHLORINATED BIPHENYLS (AROCLORS),0.0,66861
Grand Forks,38035,PROPYLENE OXIDE,0.0,66861
Grand Forks,38035,TETRACHLOROETHYLENE,0.0,66861
Grand Forks,38035,TRICHLOROETHYLENE,0.0,66861
Grand Forks,38035,VINYL CHLORIDE,0.0,66861
Grant,38037,"1,1,2-TRICHLOROETHANE",0.0,2394
Grant,38037,"1,3-BUTADIENE",3.33404121e-05,2394
Grant,38037,"1,3-DICHLOROPROPENE",0.0,2394
Grant,38037,"1,4-DICHLOROBENZENE",0.0,2394
Grant,38037,"1,4-DIOXANE",0.0,2394
Grant,38037,"2,4,6-TRICHLOROPHENOL",0.0,2394
Grant,38037,"2,4-DINITROTOLUENE",0.0,2394
Grant,38037,"2,4-TOLUENE DIISOCYANATE",0.0,2394
Grant,38037,2-NITROPROPANE,0.0,2394
Grant,38037,ACETALDEHYDE,4.592009415600001e-05,2394
Grant,38037,ACETAMIDE,0.0,2394
Grant,38037,ACRYLONITRILE,0.0,2394
Grant,38037,ALLYL CHLORIDE,0.0,2394
Grant,38037,ARSENIC COMPOUNDS(INORGANIC INCLUDING ARSINE),4.798290450000001e-05,2394
Grant,38037,BENZENE,0.002831826427053,2394
Grant,38037,BENZYL CHLORIDE,0.0,2394
Grant,38037,BERYLLIUM COMPOUNDS,0.0,2394
Grant,38037,BIS(2-ETHYLHEXYL)PHTHALATE (DEHP),0.0,2394
Grant,38037,BROMOFORM,0.0,2394
Grant,38037,CADMIUM COMPOUNDS,0.0,2394
Grant,38037,CARBON TETRACHLORIDE,0.0,2394
Grant,38037,CHLOROPRENE,0.0,2394
Grant,38037,CHROMIUM VI (HEXAVALENT),3.3281832e-05,2394
Grant,38037,EPICHLOROHYDRIN,0.0,2394
Grant,38037,ETHYLBENZENE,2.3880350940000003e-05,2394
Grant,38037,ETHYLENE DIBROMIDE (DIBROMOETHANE),0.0,2394
Grant,38037,"ETHYLENE DICHLORIDE (1,2-DICHLOROETHANE)",0.0,2394
Grant,38037,ETHYLENE OXIDE,0.0,2394
Grant,38037,"ETHYLIDENE DICHLORIDE (1,1-DICHLOROETHANE)",0.0,2394
Grant,38037,FORMALDEHYDE,0.0008775043159219999,2394
Grant,38037,HEXACHLOROBENZENE,0.0,2394
Grant,38037,HEXACHLOROBUTADIENE,0.0,2394
Grant,38037,METHYL TERT-BUTYL ETHER,0.0,2394
Grant,38037,METHYLENE CHLORIDE,0.0,2394
Grant,38037,NAPHTHALENE,0.00011522438754999999,2394
Grant,38037,NICKEL COMPOUNDS,4.9228486080000005e-05,2394
Grant,38037,NITROBENZENE,0.0,2394
Grant,38037,O-TOLUIDINE,0.0,2394
Grant,38037,PAHPOM,1.4986821926e-05,2394
Grant,38037,PROPYLENE OXIDE,0.0,2394
Grant,38037,TETRACHLOROETHYLENE,0.0,2394
Grant,38037,TRICHLOROETHYLENE,0.0,2394
Grant,38037,VINYL CHLORIDE,0.0,2394
Griggs,38039,"1,1,2-TRICHLOROETHANE",0.0,2420
Griggs,38039,"1,3-BUTADIENE",6.761752722e-05,2420
Griggs,38039,"1,4-DICHLOROBENZENE",0.0,2420
Griggs,38039,"1,4-DIOXANE",0.0,2420
Griggs,38039,"2,4,6-TRICHLOROPHENOL",0.0,2420
Griggs,38039,"2,4-DINITROTOLUENE",0.0,2420
Griggs,38039,"2,4-TOLUENE DIISOCYANATE",0.0,2420
Griggs,38039,2-NITROPROPANE,0.0,2420
Griggs,38039,ACETALDEHYDE,9.764190895600001e-05,2420
Griggs,38039,ACETAMIDE,0.0,2420
Griggs,38039,ACRYLONITRILE,0.0,2420
Griggs,38039,ALLYL CHLORIDE,0.0,2420
Griggs,38039,ARSENIC COMPOUNDS(INORGANIC INCLUDING ARSINE),6.852866140000001e-05,2420
Griggs,38039,BENZENE,0.003981930599891,2420
Griggs,38039,BENZYL CHLORIDE,0.0,2420
Griggs,38039,BERYLLIUM COMPOUNDS,0.0,2420
Griggs,38039,BIS(2-ETHYLHEXYL)PHTHALATE (DEHP),0.0,2420
Griggs,38039,CADMIUM COMPOUNDS,0.0,2420
Griggs,38039,CARBON TETRACHLORIDE,0.0,2420
Griggs,38039,CHLOROPRENE,0.0,2420
Griggs,38039,CHROMIUM VI (HEXAVALENT),9.421476e-06,2420
Griggs,38039,EPICHLOROHYDRIN,0.0,2420
Griggs,38039,ETHYLBENZENE,3.5708007858e-05,2420
Griggs,38039,"ETHYLENE DICHLORIDE (1,2-DICHLOROETHANE)",0.0,2420
Griggs,38039,ETHYLENE OXIDE,0.0,2420
Griggs,38039,FORMALDEHYDE,0.00111579645671,2420
Griggs,38039,HEXACHLOROBENZENE,0.0,2420
Griggs,38039,HEXACHLOROBUTADIENE,0.0,2420
Griggs,38039,METHYL TERT-BUTYL ETHER,0.0,2420
Griggs,38039,METHYLENE CHLORIDE,0.0,2420
Griggs,38039,NAPHTHALENE,0.000225742980552,2420
Griggs,38039,NICKEL COMPOUNDS,3.016543872e-05,2420
Griggs,38039,NITROBENZENE,0.0,2420
Griggs,38039,O-TOLUIDINE,0.0,2420
Griggs,38039,PAHPOM,2.0175278467e-05,2420
Griggs,38039,PROPYLENE OXIDE,0.0,2420
Griggs,38039,TETRACHLOROETHYLENE,0.0,2420
Griggs,38039,TRICHLOROETHYLENE,0.0,2420
Griggs,38039,VINYL CHLORIDE,0.0,2420
Hettinger,38041,"1,1,2-TRICHLOROETHANE",0.0,2477
Hettinger,38041,"1,3-BUTADIENE",5.3080687773e-05,2477
Hettinger,38041,"1,3-DICHLOROPROPENE",0.0,2477
Hettinger,38041,"1,4-DICHLOROBENZENE",0.0,2477
Hettinger,38041,"1,4-DIOXANE",0.0,2477
Hettinger,38041,"2,4,6-TRICHLOROPHENOL",0.0,2477
Hettinger,38041,"2,4-DINITROTOLUENE",0.0,2477
Hettinger,38041,"2,4-TOLUENE DIISOCYANATE",0.0,2477
Hettinger,38041,2-NITROPROPANE,0.0,2477
Hettinger,38041,ACETALDEHYDE,6.3845060736e-05,2477
Hettinger,38041,ACETAMIDE,0.0,2477
Hettinger,38041,ACRYLONITRILE,0.0,2477
Hettinger,38041,ALLYL CHLORIDE,0.0,2477
Hettinger,38041,ARSENIC COMPOUNDS(INORGANIC INCLUDING ARSINE),5.5404820986999995e-05,2477
Hettinger,38041,BENZENE,0.002701920191516,2477
Hettinger,38041,BENZYL CHLORIDE,0.0,2477
Hettinger,38041,BERYLLIUM COMPOUNDS,0.0,2477
Hettinger,38041,BIS(2-ETHYLHEXYL)PHTHALATE (DEHP),0.0,2477
Hettinger,38041,CADMIUM COMPOUNDS,0.0,2477
Hettinger,38041,CARBON TETRACHLORIDE,0.0,2477
Hettinger,38041,CHLOROPRENE,0.0,2477
Hettinger,38041,CHROMIUM VI (HEXAVALENT),4.9661476761999994e-05,2477
Hettinger,38041,EPICHLOROHYDRIN,0.0,2477
Hettinger,38041,ETHYLBENZENE,3.54339433e-05,2477
Hettinger,38041,ETHYLENE DIBROMIDE (DIBROMOETHANE),0.0,2477
Hettinger,38041,"ETHYLENE DICHLORIDE (1,2-DICHLOROETHANE)",0.0,2477
Hettinger,38041,ETHYLENE OXIDE,0.0,2477
Hettinger,38041,"ETHYLIDENE DICHLORIDE (1,1-DICHLOROETHANE)",0.0,2477
Hettinger,38041,FORMALDEHYDE,0.001152547925988,2477
Hettinger,38041,HEXACHLOROBENZENE,0.0,2477
Hettinger,38041,HEXACHLOROBUTADIENE,0.0,2477
Hettinger,38041,METHYL TERT-BUTYL ETHER,0.0,2477
Hettinger,38041,METHYLENE CHLORIDE,0.0,2477
Hettinger,38041,NAPHTHALENE,0.000164452847659,2477
Hettinger,38041,NICKEL COMPOUNDS,4.0911444377999996e-05,2477
Hettinger,38041,NITROBENZENE,0.0,2477
Hettinger,38041,O-TOLUIDINE,0.0,2477
Hettinger,38041,PAHPOM,1.6970301172000003e-05,2477
Hettinger,38041,PROPYLENE OXIDE,0.0,2477
Hettinger,38041,TETRACHLOROETHYLENE,0.0,2477
Hettinger,38041,TRICHLOROETHYLENE,0.0,2477
Hettinger,38041,VINYL CHLORIDE,0.0,2477
Kidder,38043,"1,1,2-TRICHLOROETHANE",0.0,2435
Kidder,38043,"1,3-BUTADIENE",7.478400084e-05,2435
Kidder,38043,"1,4-DICHLOROBENZENE",0.0,2435
Kidder,38043,"1,4-DIOXANE",0.0,2435
Kidder,38043,"2,4,6-TRICHLOROPHENOL",0.0,2435
Kidder,38043,"2,4-DINITROTOLUENE",0.0,2435
Kidder,38043,"2,4-TOLUENE DIISOCYANATE",0.0,2435
Kidder,38043,2-NITROPROPANE,0.0,2435
Kidder,38043,ACETALDEHYDE,0.00011007773888299999,2435
Kidder,38043,ACETAMIDE,0.0,2435
Kidder,38043,ACRYLONITRILE,0.0,2435
Kidder,38043,ALLYL CHLORIDE,0.0,2435
Kidder,38043,ARSENIC COMPOUNDS(INORGANIC INCLUDING ARSINE),4.26509475e-05,2435
Kidder,38043,BENZENE,0.004367398698944,2435
Kidder,38043,BENZYL CHLORIDE,0.0,2435
Kidder,38043,BERYLLIUM COMPOUNDS,0.0,2435
Kidder,38043,BIS(2-ETHYLHEXYL)PHTHALATE (DEHP),0.0,2435
Kidder,38043,BROMOFORM,0.0,2435
Kidder,38043,CADMIUM COMPOUNDS,0.0,2435
Kidder,38043,CARBON TETRACHLORIDE,0.0,2435
Kidder,38043,CHLOROPRENE,0.0,2435
Kidder,38043,CHROMIUM VI (HEXAVALENT),9.817476e-06,2435
Kidder,38043,EPICHLOROHYDRIN,0.0,2435
Kidder,38043,ETHYLBENZENE,3.8052854555e-05,2435
Kidder,38043,ETHYLENE DIBROMIDE (DIBROMOETHANE),0.0,2435
Kidder,38043,"ETHYLENE DICHLORIDE (1,2-DICHLOROETHANE)",0.0,2435
Kidder,38043,ETHYLENE OXIDE,0.0,2435
Kidder,38043,FORMALDEHYDE,0.001537805439742,2435
Kidder,38043,HEXACHLOROBENZENE,0.0,2435
Kidder,38043,HEXACHLOROBUTADIENE,0.0,2435
Kidder,38043,METHYL TERT-BUTYL ETHER,0.0,2435
Kidder,38043,METHYLENE CHLORIDE,0.0,2435
Kidder,38043,NAPHTHALENE,0.00020290161051800002,2435
Kidder,38043,NICKEL COMPOUNDS,3.91822392e-05,2435
Kidder,38043,NITROBENZENE,0.0,2435
Kidder,38043,O-TOLUIDINE,0.0,2435
Kidder,38043,PAHPOM,2.6355936700999996e-05,2435
Kidder,38043,PROPYLENE OXIDE,0.0,2435
Kidder,38043,TETRACHLOROETHYLENE,0.0,2435
Kidder,38043,TRICHLOROETHYLENE,0.0,2435
Kidder,38043,VINYL CHLORIDE,0.0,2435
LaMoure,38045,"1,1,2-TRICHLOROETHANE",0.0,4139
LaMoure,38045,"1,3-BUTADIENE",0.000476294449434,4139
LaMoure,38045,"1,4-DICHLOROBENZENE",0.0,4139
LaMoure,38045,"1,4-DIOXANE",0.0,4139
LaMoure,38045,"2,4,6-TRICHLOROPHENOL",0.0,4139
LaMoure,38045,"2,4-DINITROTOLUENE",0.0,4139
LaMoure,38045,"2,4-TOLUENE DIISOCYANATE",0.0,4139
LaMoure,38045,2-NITROPROPANE,0.0,4139
LaMoure,38045,ACETALDEHYDE,0.000631321788215,4139
LaMoure,38045,ACETAMIDE,0.0,4139
LaMoure,38045,ACRYLONITRILE,0.0,4139
LaMoure,38045,ALLYL CHLORIDE,0.0,4139
LaMoure,38045,ARSENIC COMPOUNDS(INORGANIC INCLUDING ARSINE),0.000534465043279,4139
LaMoure,38045,BENZENE,0.029269802106754,4139
LaMoure,38045,BENZYL CHLORIDE,0.0,4139
LaMoure,38045,BERYLLIUM COMPOUNDS,0.0,4139
LaMoure,38045,BIS(2-ETHYLHEXYL)PHTHALATE (DEHP),0.0,4139
LaMoure,38045,CADMIUM COMPOUNDS,0.0,4139
LaMoure,38045,CARBON TETRACHLORIDE,0.0,4139
LaMoure,38045,CHLOROPRENE,0.0,4139
LaMoure,38045,CHROMIUM VI (HEXAVALENT),0.000225170534227,4139
LaMoure,38045,EPICHLOROHYDRIN,0.0,4139
LaMoure,38045,ETHYLBENZENE,0.000289182068187,4139
LaMoure,38045,"ETHYLENE DICHLORIDE (1,2-DICHLOROETHANE)",0.0,4139
LaMoure,38045,ETHYLENE OXIDE,0.0,4139
LaMoure,38045,FORMALDEHYDE,0.0068992999783680006,4139
LaMoure,38045,HEXACHLOROBENZENE,0.0,4139
LaMoure,38045,HEXACHLOROBUTADIENE,0.0,4139
LaMoure,38045,METHYL TERT-BUTYL ETHER,0.0,4139
LaMoure,38045,METHYLENE CHLORIDE,0.0,4139
LaMoure,38045,NAPHTHALENE,0.0017860192897089999,4139
LaMoure,38045,NICKEL COMPOUNDS,0.000330751042436,4139
LaMoure,38045,NITROBENZENE,0.0,4139
LaMoure,38045,O-TOLUIDINE,0.0,4139
LaMoure,38045,PAHPOM,0.000180809247158,4139
LaMoure,38045,PROPYLENE OXIDE,0.0,4139
LaMoure,38045,TETRACHLOROETHYLENE,0.0,4139
LaMoure,38045,TRICHLOROETHYLENE,0.0,4139
LaMoure,38045,VINYL CHLORIDE,0.0,4139
Logan,38047,"1,1,2-TRICHLOROETHANE",0.0,1981
Logan,38047,"1,3-BUTADIENE",3.820019817e-05,1981
Logan,38047,"1,4-DICHLOROBENZENE",0.0,1981
Logan,38047,"1,4-DIOXANE",0.0,1981
Logan,38047,"2,4,6-TRICHLOROPHENOL",0.0,1981
Logan,38047,"2,4-DINITROTOLUENE",0.0,1981
Logan,38047,"2,4-TOLUENE DIISOCYANATE",0.0,1981
Logan,38047,2-NITROPROPANE,0.0,1981
Logan,38047,ACETALDEHYDE,5.8308518738999995e-05,1981
Logan,38047,ACETAMIDE,0.0,1981
Logan,38047,ACRYLONITRILE,0.0,1981
Logan,38047,ALLYL CHLORIDE,0.0,1981
Logan,38047,ARSENIC COMPOUNDS(INORGANIC INCLUDING ARSINE),5.62461586e-05,1981
Logan,38047,BENZENE,0.0028007351028619997,1981
Logan,38047,BENZYL CHLORIDE,0.0,1981
Logan,38047,BERYLLIUM COMPOUNDS,0.0,1981
Logan,38047,BIS(2-ETHYLHEXYL)PHTHALATE (DEHP),0.0,1981
Logan,38047,BROMOFORM,0.0,1981
Logan,38047,CADMIUM COMPOUNDS,0.0,1981
Logan,38047,CARBON TETRACHLORIDE,0.0,1981
Logan,38047,CHLOROPRENE,0.0,1981
Logan,38047,CHROMIUM VI (HEXAVALENT),1.94151e-05,1981
Logan,38047,EPICHLOROHYDRIN,0.0,1981
Logan,38047,ETHYLBENZENE,2.3558606035e-05,1981
Logan,38047,ETHYLENE DIBROMIDE (DIBROMOETHANE),0.0,1981
Logan,38047,"ETHYLENE DICHLORIDE (1,2-DICHLOROETHANE)",0.0,1981
Logan,38047,ETHYLENE OXIDE,0.0,1981
Logan,38047,FORMALDEHYDE,0.0007593352753220001,1981
Logan,38047,HEXACHLOROBENZENE,0.0,1981
Logan,38047,HEXACHLOROBUTADIENE,0.0,1981
Logan,38047,METHYL TERT-BUTYL ETHER,0.0,1981
Logan,38047,METHYLENE CHLORIDE,0.0,1981
Logan,38047,NAPHTHALENE,0.00014454374144200002,1981
Logan,38047,NICKEL COMPOUNDS,5.1659397600000004e-05,1981
Logan,38047,NITROBENZENE,0.0,1981
Logan,38047,O-TOLUIDINE,0.0,1981
Logan,38047,PAHPOM,1.6648775654e-05,1981
Logan,38047,PROPYLENE OXIDE,0.0,1981
Logan,38047,TETRACHLOROETHYLENE,0.0,1981
Logan,38047,TRICHLOROETHYLENE,0.0,1981
Logan,38047,VINYL CHLORIDE,0.0,1981
McHenry,38049,"1,1,2-TRICHLOROETHANE",0.0,5393
McHenry,38049,"1,3-BUTADIENE",8.0506792302e-05,5393
McHenry,38049,"1,3-DICHLOROPROPENE",0.0,5393
McHenry,38049,"1,4-DICHLOROBENZENE",0.0,5393
McHenry,38049,"1,4-DIOXANE",0.0,5393
McHenry,38049,"2,4,6-TRICHLOROPHENOL",0.0,5393
McHenry,38049,"2,4-DINITROTOLUENE",0.0,5393
McHenry,38049,"2,4-TOLUENE DIISOCYANATE",0.0,5393
McHenry,38049,2-NITROPROPANE,0.0,5393
McHenry,38049,ACETALDEHYDE,0.000125340085975,5393
McHenry,38049,ACETAMIDE,0.0,5393
McHenry,38049,ACRYLONITRILE,0.0,5393
McHenry,38049,ALLYL CHLORIDE,0.0,5393
McHenry,38049,ARSENIC COMPOUNDS(INORGANIC INCLUDING ARSINE),4.0804146615000005e-05,5393
McHenry,38049,BENZENE,0.005779134082257001,5393
McHenry,38049,BENZYL CHLORIDE,0.0,5393
McHenry,38049,BERYLLIUM COMPOUNDS,0.0,5393
McHenry,38049,BIS(2-ETHYLHEXYL)PHTHALATE (DEHP),0.0,5393
McHenry,38049,CADMIUM COMPOUNDS,0.0,5393
McHenry,38049,CARBON TETRACHLORIDE,0.0,5393
McHenry,38049,CHLOROPRENE,0.0,5393
McHenry,38049,CHROMIUM VI (HEXAVALENT),1.1161662572999999e-05,5393
McHenry,38049,EPICHLOROHYDRIN,0.0,5393
McHenry,38049,ETHYLBENZENE,4.6893627208999994e-05,5393
McHenry,38049,ETHYLENE DIBROMIDE (DIBROMOETHANE),0.0,5393
McHenry,38049,"ETHYLENE DICHLORIDE (1,2-DICHLOROETHANE)",0.0,5393
McHenry,38049,ETHYLENE OXIDE,0.0,5393
McHenry,38049,"ETHYLIDENE DICHLORIDE (1,1-DICHLOROETHANE)",0.0,5393
McHenry,38049,FORMALDEHYDE,0.002163751488068,5393
McHenry,38049,HEXACHLOROBENZENE,0.0,5393
McHenry,38049,HEXACHLOROBUTADIENE,0.0,5393
McHenry,38049,METHYL TERT-BUTYL ETHER,0.0,5393
McHenry,38049,METHYLENE CHLORIDE,0.0,5393
McHenry,38049,NAPHTHALENE,0.000218417097149,5393
McHenry,38049,NICKEL COMPOUNDS,3.7387319831999995e-05,5393
McHenry,38049,NITROBENZENE,0.0,5393
McHenry,38049,O-TOLUIDINE,0.0,5393
McHenry,38049,PAHPOM,2.1872420753e-05,5393
McHenry,38049,PROPYLENE OXIDE,0.0,5393
McHenry,38049,TETRACHLOROETHYLENE,0.0,5393
McHenry,38049,TRICHLOROETHYLENE,0.0,5393
McHenry,38049,VINYL CHLORIDE,0.0,5393
McIntosh,38051,"1,1,2-TRICHLOROETHANE",0.0,2809
McIntosh,38051,"1,3-BUTADIENE",4.120714344e-05,2809
McIntosh,38051,"1,4-DICHLOROBENZENE",0.0,2809
McIntosh,38051,"1,4-DIOXANE",0.0,2809
McIntosh,38051,"2,4,6-TRICHLOROPHENOL",0.0,2809
McIntosh,38051,"2,4-DINITROTOLUENE",0.0,2809
McIntosh,38051,"2,4-TOLUENE DIISOCYANATE",0.0,2809
McIntosh,38051,2-NITROPROPANE,0.0,2809
McIntosh,38051,ACETALDEHYDE,6.7099128776e-05,2809
McIntosh,38051,ACETAMIDE,0.0,2809
McIntosh,38051,ACRYLONITRILE,0.0,2809
McIntosh,38051,ALLYL CHLORIDE,0.0,2809
McIntosh,38051,ARSENIC COMPOUNDS(INORGANIC INCLUDING ARSINE),5.38106214e-05,2809
McIntosh,38051,BENZENE,0.002837995449884,2809
McIntosh,38051,BENZYL CHLORIDE,0.0,2809
McIntosh,38051,BERYLLIUM COMPOUNDS,0.0,2809
McIntosh,38051,BIS(2-ETHYLHEXYL)PHTHALATE (DEHP),0.0,2809
McIntosh,38051,CADMIUM COMPOUNDS,0.0,2809
McIntosh,38051,CARBON TETRACHLORIDE,0.0,2809
McIntosh,38051,CHLOROPRENE,0.0,2809
McIntosh,38051,CHROMIUM VI (HEXAVALENT),1.8956592000000002e-05,2809
McIntosh,38051,EPICHLOROHYDRIN,0.0,2809
McIntosh,38051,ETHYLBENZENE,2.5340542463e-05,2809
McIntosh,38051,"ETHYLENE DICHLORIDE (1,2-DICHLOROETHANE)",0.0,2809
McIntosh,38051,ETHYLENE OXIDE,0.0,2809
McIntosh,38051,FORMALDEHYDE,0.0008811962712280001,2809
McIntosh,38051,HEXACHLOROBENZENE,0.0,2809
McIntosh,38051,HEXACHLOROBUTADIENE,0.0,2809
McIntosh,38051,METHYL TERT-BUTYL ETHER,0.0,2809
McIntosh,38051,METHYLENE CHLORIDE,0.0,2809
McIntosh,38051,NAPHTHALENE,0.0001679582116,2809
McIntosh,38051,NICKEL COMPOUNDS,5.9717108639999995e-05,2809
McIntosh,38051,NITROBENZENE,0.0,2809
McIntosh,38051,O-TOLUIDINE,0.0,2809
McIntosh,38051,PAHPOM,1.8217965647999996e-05,2809
McIntosh,38051,PROPYLENE OXIDE,0.0,2809
McIntosh,38051,TETRACHLOROETHYLENE,0.0,2809
McIntosh,38051,TRICHLOROETHYLENE,0.0,2809
McIntosh,38051,VINYL CHLORIDE,0.0,2809
McKenzie,38053,"1,1,2-TRICHLOROETHANE",0.0,6360
McKenzie,38053,"1,3-BUTADIENE",0.000213200493225,6360
McKenzie,38053,"1,3-DICHLOROPROPENE",0.0,6360
McKenzie,38053,"1,4-DICHLOROBENZENE",0.0,6360
McKenzie,38053,"1,4-DIOXANE",0.0,6360
McKenzie,38053,"2,4,6-TRICHLOROPHENOL",0.0,6360
McKenzie,38053,"2,4-DINITROTOLUENE",0.0,6360
McKenzie,38053,"2,4-TOLUENE DIISOCYANATE",0.0,6360
McKenzie,38053,2-NITROPROPANE,0.0,6360
McKenzie,38053,ACETALDEHYDE,0.000302483036074,6360
McKenzie,38053,ACETAMIDE,0.0,6360
McKenzie,38053,ACRYLONITRILE,0.0,6360
McKenzie,38053,ALLYL CHLORIDE,0.0,6360
McKenzie,38053,ARSENIC COMPOUNDS(INORGANIC INCLUDING ARSINE),2.7316935046e-05,6360
McKenzie,38053,BENZENE,0.000866044087396,6360
McKenzie,38053,BENZYL CHLORIDE,0.0,6360
McKenzie,38053,BERYLLIUM COMPOUNDS,0.0,6360
McKenzie,38053,BIS(2-ETHYLHEXYL)PHTHALATE (DEHP),0.0,6360
McKenzie,38053,BROMOFORM,0.0,6360
McKenzie,38053,CADMIUM COMPOUNDS,0.0,6360
McKenzie,38053,CARBON TETRACHLORIDE,0.0,6360
McKenzie,38053,CHLOROPRENE,0.0,6360
McKenzie,38053,CHROMIUM VI (HEXAVALENT),7.5034938458e-05,6360
McKenzie,38053,EPICHLOROHYDRIN,0.0,6360
McKenzie,38053,ETHYLBENZENE,7.712148114e-05,6360
McKenzie,38053,ETHYLENE DIBROMIDE (DIBROMOETHANE),0.0,6360
McKenzie,38053,"ETHYLENE DICHLORIDE (1,2-DICHLOROETHANE)",0.0,6360
McKenzie,38053,ETHYLENE OXIDE,0.0,6360
McKenzie,38053,"ETHYLIDENE DICHLORIDE (1,1-DICHLOROETHANE)",0.0,6360
McKenzie,38053,FORMALDEHYDE,0.0043367565068029995,6360
McKenzie,38053,HEXACHLOROBENZENE,0.0,6360
McKenzie,38053,HEXACHLOROBUTADIENE,0.0,6360
McKenzie,38053,METHYL TERT-BUTYL ETHER,0.0,6360
McKenzie,38053,METHYLENE CHLORIDE,0.0,6360
McKenzie,38053,NAPHTHALENE,0.0005581561476369999,6360
McKenzie,38053,NICKEL COMPOUNDS,1.5368849177e-05,6360
McKenzie,38053,NITROBENZENE,0.0,6360
McKenzie,38053,O-TOLUIDINE,0.0,6360
McKenzie,38053,PAHPOM,5.6220696977e-05,6360
McKenzie,38053,PROPYLENE OXIDE,0.0,6360
McKenzie,38053,TETRACHLOROETHYLENE,0.0,6360
McKenzie,38053,TRICHLOROETHYLENE,0.0,6360
McKenzie,38053,VINYL CHLORIDE,0.0,6360
McLean,38055,"1,1,2-TRICHLOROETHANE",0.0,8962
McLean,38055,"1,3-BUTADIENE",8.212871637800001e-05,8962
McLean,38055,"1,3-DICHLOROPROPENE",0.0,8962
McLean,38055,"1,4-DICHLOROBENZENE",0.0,8962
McLean,38055,"1,4-DIOXANE",0.0,8962
McLean,38055,"2,4,6-TRICHLOROPHENOL",0.0,8962
McLean,38055,"2,4-DINITROTOLUENE",0.0,8962
McLean,38055,"2,4-TOLUENE DIISOCYANATE",0.0,8962
McLean,38055,2-NITROPROPANE,0.0,8962
McLean,38055,ACETALDEHYDE,0.00013608333998899998,8962
McLean,38055,ACETAMIDE,0.0,8962
McLean,38055,ACRYLONITRILE,0.0,8962
McLean,38055,ALLYL CHLORIDE,0.0,8962
McLean,38055,ARSENIC COMPOUNDS(INORGANIC INCLUDING ARSINE),1.8455524413e-05,8962
McLean,38055,BENZENE,0.005078064594996,8962
McLean,38055,BENZYL CHLORIDE,0.0,8962
McLean,38055,BERYLLIUM COMPOUNDS,0.0,8962
McLean,38055,BIS(2-ETHYLHEXYL)PHTHALATE (DEHP),0.0,8962
McLean,38055,BROMOFORM,0.0,8962
McLean,38055,CADMIUM COMPOUNDS,0.0,8962
McLean,38055,CARBON TETRACHLORIDE,0.0,8962
McLean,38055,CHLOROPRENE,0.0,8962
McLean,38055,CHROMIUM VI (HEXAVALENT),2.18345044e-06,8962
McLean,38055,EPICHLOROHYDRIN,0.0,8962
McLean,38055,ETHYLBENZENE,5.3873626732e-05,8962
McLean,38055,ETHYLENE DIBROMIDE (DIBROMOETHANE),0.0,8962
McLean,38055,"ETHYLENE DICHLORIDE (1,2-DICHLOROETHANE)",0.0,8962
McLean,38055,ETHYLENE OXIDE,0.0,8962
McLean,38055,"ETHYLIDENE DICHLORIDE (1,1-DICHLOROETHANE)",0.0,8962
McLean,38055,FORMALDEHYDE,0.0032497530948490004,8962
McLean,38055,HEXACHLOROBENZENE,0.0,8962
McLean,38055,HEXACHLOROBUTADIENE,0.0,8962
McLean,38055,METHYL TERT-BUTYL ETHER,0.0,8962
McLean,38055,METHYLENE CHLORIDE,0.0,8962
McLean,38055,NAPHTHALENE,0.000251615580679,8962
McLean,38055,NICKEL COMPOUNDS,5.577559492000001e-06,8962
McLean,38055,NITROBENZENE,0.0,8962
McLean,38055,O-TOLUIDINE,0.0,8962
McLean,38055,PAHPOM,2.6975993148e-05,8962
McLean,38055,PROPYLENE OXIDE,0.0,8962
McLean,38055,TETRACHLOROETHYLENE,0.0,8962
McLean,38055,TRICHLOROETHYLENE,0.0,8962
McLean,38055,VINYL CHLORIDE,0.0,8962
Mercer,38057,"1,1,2-TRICHLOROETHANE",0.0,8424
Mercer,38057,"1,3-BUTADIENE",7.112756533499999e-05,8424
Mercer,38057,"1,3-DICHLOROPROPENE",0.0,8424
Mercer,38057,"1,4-DICHLOROBENZENE",0.0,8424
Mercer,38057,"1,4-DIOXANE",0.0,8424
Mercer,38057,"2,4,6-TRICHLOROPHENOL",0.0,8424
Mercer,38057,"2,4-DINITROTOLUENE",0.0,8424
Mercer,38057,"2,4-TOLUENE DIISOCYANATE",0.0,8424
Mercer,38057,2-NITROPROPANE,0.0,8424
Mercer,38057,ACETALDEHYDE,0.000126591616582,8424
Mercer,38057,ACETAMIDE,0.0,8424
Mercer,38057,ACRYLONITRILE,0.0,8424
Mercer,38057,ALLYL CHLORIDE,0.0,8424
Mercer,38057,ARSENIC COMPOUNDS(INORGANIC INCLUDING ARSINE),1.9269285804000002e-05,8424
Mercer,38057,BENZENE,0.0028512426653529996,8424
Mercer,38057,BENZYL CHLORIDE,0.0,8424
Mercer,38057,BERYLLIUM COMPOUNDS,0.0,8424
Mercer,38057,BIS(2-ETHYLHEXYL)PHTHALATE (DEHP),0.0,8424
Mercer,38057,BROMOFORM,0.0,8424
Mercer,38057,CADMIUM COMPOUNDS,0.0,8424
Mercer,38057,CARBON TETRACHLORIDE,0.0,8424
Mercer,38057,CHLOROPRENE,0.0,8424
Mercer,38057,CHROMIUM VI (HEXAVALENT),7.78518896e-07,8424
Mercer,38057,EPICHLOROHYDRIN,0.0,8424
Mercer,38057,ETHYLBENZENE,4.9425004798e-05,8424
Mercer,38057,ETHYLENE DIBROMIDE (DIBROMOETHANE),0.0,8424
Mercer,38057,"ETHYLENE DICHLORIDE (1,2-DICHLOROETHANE)",0.0,8424
Mercer,38057,ETHYLENE OXIDE,0.0,8424
Mercer,38057,"ETHYLIDENE DICHLORIDE (1,1-DICHLOROETHANE)",0.0,8424
Mercer,38057,FORMALDEHYDE,0.003571675002899,8424
Mercer,38057,HEXACHLOROBENZENE,0.0,8424
Mercer,38057,HEXACHLOROBUTADIENE,0.0,8424
Mercer,38057,METHYL TERT-BUTYL ETHER,0.0,8424
Mercer,38057,METHYLENE CHLORIDE,0.0,8424
Mercer,38057,NAPHTHALENE,0.00022312061086200003,8424
Mercer,38057,NICKEL COMPOUNDS,2.8813340519999997e-06,8424
Mercer,38057,NITROBENZENE,0.0,8424
Mercer,38057,O-TOLUIDINE,0.0,8424
Mercer,38057,PAHPOM,1.3917513002000001e-05,8424
Mercer,38057,PROPYLENE OXIDE,0.0,8424
Mercer,38057,TETRACHLOROETHYLENE,0.0,8424
Mercer,38057,TRICHLOROETHYLENE,0.0,8424
Mercer,38057,VINYL CHLORIDE,0.0,8424
Morton,38059,"1,1,2-TRICHLOROETHANE",0.0,27471
Morton,38059,"1,3-BUTADIENE",0.001980858463682,27471
Morton,38059,"1,3-DICHLOROPROPENE",0.0,27471
Morton,38059,"1,4-DICHLOROBENZENE",0.0,27471
Morton,38059,"1,4-DIOXANE",0.0,27471
Morton,38059,"2,4,6-TRICHLOROPHENOL",0.0,27471
Morton,38059,"2,4-DINITROTOLUENE",0.0,27471
Morton,38059,"2,4-TOLUENE DIISOCYANATE",0.0,27471
Morton,38059,2-NITROPROPANE,0.0,27471
Morton,38059,ACETALDEHYDE,0.003366098627593,27471
Morton,38059,ACETAMIDE,0.0,27471
Morton,38059,ACRYLONITRILE,0.0,27471
Morton,38059,ALLYL CHLORIDE,0.0,27471
Morton,38059,ARSENIC COMPOUNDS(INORGANIC INCLUDING ARSINE),0.000265124197882,27471
Morton,38059,BENZENE,0.019228787298503996,27471
Morton,38059,BENZYL CHLORIDE,0.0,27471
Morton,38059,BERYLLIUM COMPOUNDS,0.0,27471
Morton,38059,BIS(2-ETHYLHEXYL)PHTHALATE (DEHP),0.0,27471
Morton,38059,BROMOFORM,0.0,27471
Morton,38059,CADMIUM COMPOUNDS,0.0,27471
Morton,38059,CARBON TETRACHLORIDE,0.0,27471
Morton,38059,CHLOROPRENE,0.0,27471
Morton,38059,CHROMIUM VI (HEXAVALENT),1.6340257724e-05,27471
Morton,38059,EPICHLOROHYDRIN,0.0,27471
Morton,38059,ETHYLBENZENE,0.0006969588030419999,27471
Morton,38059,ETHYLENE DIBROMIDE (DIBROMOETHANE),0.0,27471
Morton,38059,"ETHYLENE DICHLORIDE (1,2-DICHLOROETHANE)",0.0,27471
Morton,38059,ETHYLENE OXIDE,0.0,27471
Morton,38059,"ETHYLIDENE DICHLORIDE (1,1-DICHLOROETHANE)",0.0,27471
Morton,38059,FORMALDEHYDE,0.055988197190480996,27471
Morton,38059,HEXACHLOROBENZENE,0.0,27471
Morton,38059,HEXACHLOROBUTADIENE,0.0,27471
Morton,38059,METHYL TERT-BUTYL ETHER,0.0,27471
Morton,38059,METHYLENE CHLORIDE,0.0,27471
Morton,38059,NAPHTHALENE,0.004720109736859,27471
Morton,38059,NICKEL COMPOUNDS,0.000124641227305,27471
Morton,38059,NITROBENZENE,0.0,27471
Morton,38059,O-TOLUIDINE,0.0,27471
Morton,38059,PAHPOM,0.00034548200737300003,27471
Morton,38059,PROPYLENE OXIDE,0.0,27471
Morton,38059,TETRACHLOROETHYLENE,0.0,27471
Morton,38059,TRICHLOROETHYLENE,0.0,27471
Morton,38059,VINYL CHLORIDE,0.0,27471
Mountrail,38061,"1,1,2-TRICHLOROETHANE",0.0,7673
Mountrail,38061,"1,3-BUTADIENE",0.000162825323662,7673
Mountrail,38061,"1,3-DICHLOROPROPENE",0.0,7673
Mountrail,38061,"1,4-DICHLOROBENZENE",0.0,7673
Mountrail,38061,"1,4-DIOXANE",0.0,7673
Mountrail,38061,"2,4,6-TRICHLOROPHENOL",0.0,7673
Mountrail,38061,"2,4-DINITROTOLUENE",0.0,7673
Mountrail,38061,"2,4-TOLUENE DIISOCYANATE",0.0,7673
Mountrail,38061,2-NITROPROPANE,0.0,7673
Mountrail,38061,ACETALDEHYDE,0.000236539163005,7673
Mountrail,38061,ACETAMIDE,0.0,7673
Mountrail,38061,ACRYLONITRILE,0.0,7673
Mountrail,38061,ALLYL CHLORIDE,0.0,7673
Mountrail,38061,ARSENIC COMPOUNDS(INORGANIC INCLUDING ARSINE),3.3488009579e-05,7673
Mountrail,38061,BENZENE,0.0006754708242640001,7673
Mountrail,38061,BENZYL CHLORIDE,0.0,7673
Mountrail,38061,BERYLLIUM COMPOUNDS,0.0,7673
Mountrail,38061,BIS(2-ETHYLHEXYL)PHTHALATE (DEHP),0.0,7673
Mountrail,38061,CADMIUM COMPOUNDS,0.0,7673
Mountrail,38061,CARBON TETRACHLORIDE,0.0,7673
Mountrail,38061,CHLOROPRENE,0.0,7673
Mountrail,38061,CHROMIUM VI (HEXAVALENT),3.2932563461e-05,7673
Mountrail,38061,EPICHLOROHYDRIN,0.0,7673
Mountrail,38061,ETHYLBENZENE,5.8266866383e-05,7673
Mountrail,38061,ETHYLENE DIBROMIDE (DIBROMOETHANE),0.0,7673
Mountrail,38061,"ETHYLENE DICHLORIDE (1,2-DICHLOROETHANE)",0.0,7673
Mountrail,38061,ETHYLENE OXIDE,0.0,7673
Mountrail,38061,"ETHYLIDENE DICHLORIDE (1,1-DICHLOROETHANE)",0.0,7673
Mountrail,38061,FORMALDEHYDE,0.0031802863228099997,7673
Mountrail,38061,HEXACHLOROBENZENE,0.0,7673
Mountrail,38061,HEXACHLOROBUTADIENE,0.0,7673
Mountrail,38061,METHYL TERT-BUTYL ETHER,0.0,7673
Mountrail,38061,METHYLENE CHLORIDE,0.0,7673
Mountrail,38061,NAPHTHALENE,0.00045916730183599995,7673
Mountrail,38061,NICKEL COMPOUNDS,2.4413080509e-05,7673
Mountrail,38061,NITROBENZENE,0.0,7673
Mountrail,38061,O-TOLUIDINE,0.0,7673
Mountrail,38061,PAHPOM,5.5825017692e-05,7673
Mountrail,38061,PROPYLENE OXIDE,0.0,7673
Mountrail,38061,TETRACHLOROETHYLENE,0.0,7673
Mountrail,38061,TRICHLOROETHYLENE,0.0,7673
Mountrail,38061,VINYL CHLORIDE,0.0,7673
Nelson,38063,"1,1,2-TRICHLOROETHANE",0.0,3126
Nelson,38063,"1,3-BUTADIENE",3.985653792e-05,3126
Nelson,38063,"1,4-DICHLOROBENZENE",0.0,3126
Nelson,38063,"1,4-DIOXANE",0.0,3126
Nelson,38063,"2,4,6-TRICHLOROPHENOL",0.0,3126
Nelson,38063,"2,4-DINITROTOLUENE",0.0,3126
Nelson,38063,"2,4-TOLUENE DIISOCYANATE",0.0,3126
Nelson,38063,2-NITROPROPANE,0.0,3126
Nelson,38063,ACETALDEHYDE,6.531033240199999e-05,3126
Nelson,38063,ACETAMIDE,0.0,3126
Nelson,38063,ACRYLONITRILE,0.0,3126
Nelson,38063,ALLYL CHLORIDE,0.0,3126
Nelson,38063,ARSENIC COMPOUNDS(INORGANIC INCLUDING ARSINE),3.18094607e-05,3126
Nelson,38063,BENZENE,0.002943792876882,3126
Nelson,38063,BENZYL CHLORIDE,0.0,3126
Nelson,38063,BERYLLIUM COMPOUNDS,0.0,3126
Nelson,38063,BIS(2-ETHYLHEXYL)PHTHALATE (DEHP),0.0,3126
Nelson,38063,CADMIUM COMPOUNDS,0.0,3126
Nelson,38063,CARBON TETRACHLORIDE,0.0,3126
Nelson,38063,CHLOROPRENE,0.0,3126
Nelson,38063,CHROMIUM VI (HEXAVALENT),9.619127999999999e-06,3126
Nelson,38063,EPICHLOROHYDRIN,0.0,3126
Nelson,38063,ETHYLBENZENE,2.067823857e-05,3126
Nelson,38063,"ETHYLENE DICHLORIDE (1,2-DICHLOROETHANE)",0.0,3126
Nelson,38063,ETHYLENE OXIDE,0.0,3126
Nelson,38063,FORMALDEHYDE,0.0007586283314480001,3126
Nelson,38063,HEXACHLOROBENZENE,0.0,3126
Nelson,38063,HEXACHLOROBUTADIENE,0.0,3126
Nelson,38063,METHYL TERT-BUTYL ETHER,0.0,3126
Nelson,38063,METHYLENE CHLORIDE,0.0,3126
Nelson,38063,NAPHTHALENE,0.00013632396985,3126
Nelson,38063,NICKEL COMPOUNDS,1.595880384e-05,3126
Nelson,38063,NITROBENZENE,0.0,3126
Nelson,38063,O-TOLUIDINE,0.0,3126
Nelson,38063,PAHPOM,1.3392437490999999e-05,3126
Nelson,38063,PROPYLENE OXIDE,0.0,3126
Nelson,38063,TETRACHLOROETHYLENE,0.0,3126
Nelson,38063,TRICHLOROETHYLENE,0.0,3126
Nelson,38063,VINYL CHLORIDE,0.0,3126
Oliver,38065,"1,1,2-TRICHLOROETHANE",0.0,1846
Oliver,38065,"1,3-BUTADIENE",7.848136031999999e-05,1846
Oliver,38065,"1,4-DICHLOROBENZENE",0.0,1846
Oliver,38065,"1,4-DIOXANE",0.0,1846
Oliver,38065,"2,4,6-TRICHLOROPHENOL",0.0,1846
Oliver,38065,"2,4-DINITROTOLUENE",0.0,1846
Oliver,38065,"2,4-TOLUENE DIISOCYANATE",0.0,1846
Oliver,38065,2-NITROPROPANE,0.0,1846
Oliver,38065,ACETALDEHYDE,0.000123088512279,1846
Oliver,38065,ACETAMIDE,0.0,1846
Oliver,38065,ACRYLONITRILE,0.0,1846
Oliver,38065,ALLYL CHLORIDE,0.0,1846
Oliver,38065,ARSENIC COMPOUNDS(INORGANIC INCLUDING ARSINE),1.0260444999999999e-05,1846
Oliver,38065,BENZENE,0.004860018074402001,1846
Oliver,38065,BENZYL CHLORIDE,0.0,1846
Oliver,38065,BERYLLIUM COMPOUNDS,0.0,1846
Oliver,38065,BIS(2-ETHYLHEXYL)PHTHALATE (DEHP),0.0,1846
Oliver,38065,BROMOFORM,0.0,1846
Oliver,38065,CADMIUM COMPOUNDS,0.0,1846
Oliver,38065,CARBON TETRACHLORIDE,0.0,1846
Oliver,38065,CHLOROPRENE,0.0,1846
Oliver,38065,CHROMIUM VI (HEXAVALENT),3.75324e-07,1846
Oliver,38065,EPICHLOROHYDRIN,0.0,1846
Oliver,38065,ETHYLBENZENE,4.8559154147999995e-05,1846
Oliver,38065,ETHYLENE DIBROMIDE (DIBROMOETHANE),0.0,1846
Oliver,38065,"ETHYLENE DICHLORIDE (1,2-DICHLOROETHANE)",0.0,1846
Oliver,38065,ETHYLENE OXIDE,0.0,1846
Oliver,38065,FORMALDEHYDE,0.002878868534568,1846
Oliver,38065,HEXACHLOROBENZENE,0.0,1846
Oliver,38065,HEXACHLOROBUTADIENE,0.0,1846
Oliver,38065,METHYL TERT-BUTYL ETHER,0.0,1846
Oliver,38065,METHYLENE CHLORIDE,0.0,1846
Oliver,38065,NAPHTHALENE,0.000200143211224,1846
Oliver,38065,NICKEL COMPOUNDS,2.3456193599999995e-06,1846
Oliver,38065,NITROBENZENE,0.0,1846
Oliver,38065,O-TOLUIDINE,0.0,1846
Oliver,38065,PAHPOM,2.9743359542e-05,1846
Oliver,38065,PROPYLENE OXIDE,0.0,1846
Oliver,38065,TETRACHLOROETHYLENE,0.0,1846
Oliver,38065,TRICHLOROETHYLENE,0.0,1846
Oliver,38065,VINYL CHLORIDE,0.0,1846
Pembina,38067,"1,1,2-TRICHLOROETHANE",0.0,7413
Pembina,38067,"1,3-BUTADIENE",1.2834688534000002e-05,7413
Pembina,38067,"1,3-DICHLOROPROPENE",0.0,7413
Pembina,38067,"1,4-DICHLOROBENZENE",0.0,7413
Pembina,38067,"1,4-DIOXANE",0.0,7413
Pembina,38067,"2,4,6-TRICHLOROPHENOL",0.0,7413
Pembina,38067,"2,4-DINITROTOLUENE",0.0,7413
Pembina,38067,"2,4-TOLUENE DIISOCYANATE",0.0,7413
Pembina,38067,2-NITROPROPANE,0.0,7413
Pembina,38067,ACETALDEHYDE,2.3116247112e-05,7413
Pembina,38067,ACETAMIDE,0.0,7413
Pembina,38067,ACRYLONITRILE,0.0,7413
Pembina,38067,ALLYL CHLORIDE,0.0,7413
Pembina,38067,ARSENIC COMPOUNDS(INORGANIC INCLUDING ARSINE),1.2752871732000002e-05,7413
Pembina,38067,BENZENE,0.000639481953614,7413
Pembina,38067,BENZYL CHLORIDE,0.0,7413
Pembina,38067,BERYLLIUM COMPOUNDS,0.0,7413
Pembina,38067,BIS(2-ETHYLHEXYL)PHTHALATE (DEHP),0.0,7413
Pembina,38067,BROMOFORM,0.0,7413
Pembina,38067,CADMIUM COMPOUNDS,0.0,7413
Pembina,38067,CARBON TETRACHLORIDE,0.0,7413
Pembina,38067,CHLOROPRENE,0.0,7413
Pembina,38067,CHROMIUM VI (HEXAVALENT),3.300412966e-06,7413
Pembina,38067,EPICHLOROHYDRIN,0.0,7413
Pembina,38067,ETHYLBENZENE,7.2656347500000004e-06,7413
Pembina,38067,ETHYLENE DIBROMIDE (DIBROMOETHANE),0.0,7413
Pembina,38067,"ETHYLENE DICHLORIDE (1,2-DICHLOROETHANE)",0.0,7413
Pembina,38067,ETHYLENE OXIDE,0.0,7413
Pembina,38067,"ETHYLIDENE DICHLORIDE (1,1-DICHLOROETHANE)",0.0,7413
Pembina,38067,FORMALDEHYDE,0.000248375977339,7413
Pembina,38067,HEXACHLOROBENZENE,0.0,7413
Pembina,38067,HEXACHLOROBUTADIENE,0.0,7413
Pembina,38067,METHYL TERT-BUTYL ETHER,0.0,7413
Pembina,38067,METHYLENE CHLORIDE,0.0,7413
Pembina,38067,NAPHTHALENE,4.6476548513999995e-05,7413
Pembina,38067,NICKEL COMPOUNDS,4.04029822e-06,7413
Pembina,38067,NITROBENZENE,0.0,7413
Pembina,38067,O-TOLUIDINE,0.0,7413
Pembina,38067,PAHPOM,3.2113755479999997e-06,7413
Pembina,38067,PENTACHLOROPHENOL,0.0,7413
Pembina,38067,POLYCHLORINATED BIPHENYLS (AROCLORS),0.0,7413
Pembina,38067,PROPYLENE OXIDE,0.0,7413
Pembina,38067,TETRACHLOROETHYLENE,0.0,7413
Pembina,38067,TRICHLOROETHYLENE,0.0,7413
Pembina,38067,VINYL CHLORIDE,0.0,7413
Pierce,38069,"1,1,2-TRICHLOROETHANE",0.0,4357
Pierce,38069,"1,3-BUTADIENE",0.00019413195879299997,4357
Pierce,38069,"1,3-DICHLOROPROPENE",0.0,4357
Pierce,38069,"1,4-DICHLOROBENZENE",0.0,4357
Pierce,38069,"1,4-DIOXANE",0.0,4357
Pierce,38069,"2,4,6-TRICHLOROPHENOL",0.0,4357
Pierce,38069,"2,4-DINITROTOLUENE",0.0,4357
Pierce,38069,"2,4-TOLUENE DIISOCYANATE",0.0,4357
Pierce,38069,2-NITROPROPANE,0.0,4357
Pierce,38069,ACETALDEHYDE,0.0003559472885640001,4357
Pierce,38069,ACETAMIDE,0.0,4357
Pierce,38069,ACRYLONITRILE,0.0,4357
Pierce,38069,ALLYL CHLORIDE,0.0,4357
Pierce,38069,ARSENIC COMPOUNDS(INORGANIC INCLUDING ARSINE),7.7533453609e-05,4357
Pierce,38069,BENZENE,0.015364559397128,4357
Pierce,38069,BENZYL CHLORIDE,0.0,4357
Pierce,38069,BERYLLIUM COMPOUNDS,0.0,4357
Pierce,38069,BIS(2-ETHYLHEXYL)PHTHALATE (DEHP),0.0,4357
Pierce,38069,CADMIUM COMPOUNDS,0.0,4357
Pierce,38069,CARBON TETRACHLORIDE,0.0,4357
Pierce,38069,CHLOROPRENE,0.0,4357
Pierce,38069,CHROMIUM VI (HEXAVALENT),2.4464347758999997e-05,4357
Pierce,38069,EPICHLOROHYDRIN,0.0,4357
Pierce,38069,ETHYLBENZENE,9.8949256544e-05,4357
Pierce,38069,ETHYLENE DIBROMIDE (DIBROMOETHANE),0.0,4357
Pierce,38069,"ETHYLENE DICHLORIDE (1,2-DICHLOROETHANE)",0.0,4357
Pierce,38069,ETHYLENE OXIDE,0.0,4357
Pierce,38069,"ETHYLIDENE DICHLORIDE (1,1-DICHLOROETHANE)",0.0,4357
Pierce,38069,FORMALDEHYDE,0.005229904862697,4357
Pierce,38069,HEXACHLOROBENZENE,0.0,4357
Pierce,38069,HEXACHLOROBUTADIENE,0.0,4357
Pierce,38069,METHYL TERT-BUTYL ETHER,0.0,4357
Pierce,38069,METHYLENE CHLORIDE,0.0,4357
Pierce,38069,NAPHTHALENE,0.0006251865224140001,4357
Pierce,38069,NICKEL COMPOUNDS,6.960952422e-05,4357
Pierce,38069,NITROBENZENE,0.0,4357
Pierce,38069,O-TOLUIDINE,0.0,4357
Pierce,38069,PAHPOM,5.212831107299999e-05,4357
Pierce,38069,PROPYLENE OXIDE,0.0,4357
Pierce,38069,TETRACHLOROETHYLENE,0.0,4357
Pierce,38069,TRICHLOROETHYLENE,0.0,4357
Pierce,38069,VINYL CHLORIDE,0.0,4357
Ramsey,38071,"1,1,2-TRICHLOROETHANE",0.0,11451
Ramsey,38071,"1,3-BUTADIENE",0.00034891386622000004,11451
Ramsey,38071,"1,4-DICHLOROBENZENE",0.0,11451
Ramsey,38071,"1,4-DIOXANE",0.0,11451
Ramsey,38071,"2,4,6-TRICHLOROPHENOL",0.0,11451
Ramsey,38071,"2,4-DINITROTOLUENE",0.0,11451
Ramsey,38071,"2,4-TOLUENE DIISOCYANATE",0.0,11451
Ramsey,38071,2-NITROPROPANE,0.0,11451
Ramsey,38071,ACETALDEHYDE,0.000630086102939,11451
Ramsey,38071,ACETAMIDE,0.0,11451
Ramsey,38071,ACRYLONITRILE,0.0,11451
Ramsey,38071,ALLYL CHLORIDE,0.0,11451
Ramsey,38071,ARSENIC COMPOUNDS(INORGANIC INCLUDING ARSINE),0.00011543365112000002,11451
Ramsey,38071,BENZENE,0.014689682350455001,11451
Ramsey,38071,BENZYL CHLORIDE,0.0,11451
Ramsey,38071,BERYLLIUM COMPOUNDS,0.0,11451
Ramsey,38071,BIS(2-ETHYLHEXYL)PHTHALATE (DEHP),0.0,11451
Ramsey,38071,CADMIUM COMPOUNDS,0.0,11451
Ramsey,38071,CARBON TETRACHLORIDE,0.0,11451
Ramsey,38071,CHLOROPRENE,0.0,11451
Ramsey,38071,CHROMIUM VI (HEXAVALENT),5.3512926943e-05,11451
Ramsey,38071,EPICHLOROHYDRIN,0.0,11451
Ramsey,38071,ETHYLBENZENE,0.000148418902543,11451
Ramsey,38071,"ETHYLENE DICHLORIDE (1,2-DICHLOROETHANE)",0.0,11451
Ramsey,38071,ETHYLENE OXIDE,0.0,11451
Ramsey,38071,FORMALDEHYDE,0.009029254655165,11451
Ramsey,38071,HEXACHLOROBENZENE,0.0,11451
Ramsey,38071,HEXACHLOROBUTADIENE,0.0,11451
Ramsey,38071,METHYL TERT-BUTYL ETHER,0.0,11451
Ramsey,38071,METHYLENE CHLORIDE,0.0,11451
Ramsey,38071,NAPHTHALENE,0.00094602170088,11451
Ramsey,38071,NICKEL COMPOUNDS,7.638760474600001e-05,11451
Ramsey,38071,NITROBENZENE,0.0,11451
Ramsey,38071,O-TOLUIDINE,0.0,11451
Ramsey,38071,PAHPOM,8.1671149154e-05,11451
Ramsey,38071,PROPYLENE OXIDE,0.0,11451
Ramsey,38071,TETRACHLOROETHYLENE,0.0,11451
Ramsey,38071,TRICHLOROETHYLENE,0.0,11451
Ramsey,38071,VINYL CHLORIDE,0.0,11451
Ransom,38073,"1,1,2-TRICHLOROETHANE",0.0,5457
Ransom,38073,"1,3-BUTADIENE",6.4899082007e-05,5457
Ransom,38073,"1,4-DICHLOROBENZENE",0.0,5457
Ransom,38073,"1,4-DIOXANE",0.0,5457
Ransom,38073,"2,4,6-TRICHLOROPHENOL",0.0,5457
Ransom,38073,"2,4-DINITROTOLUENE",0.0,5457
Ransom,38073,"2,4-TOLUENE DIISOCYANATE",0.0,5457
Ransom,38073,2-NITROPROPANE,0.0,5457
Ransom,38073,ACETALDEHYDE,9.2225416093e-05,5457
Ransom,38073,ACETAMIDE,0.0,5457
Ransom,38073,ACRYLONITRILE,0.0,5457
Ransom,38073,ALLYL CHLORIDE,0.0,5457
Ransom,38073,ARSENIC COMPOUNDS(INORGANIC INCLUDING ARSINE),5.0525644478e-05,5457
Ransom,38073,BENZENE,0.0026188256020420004,5457
Ransom,38073,BENZYL CHLORIDE,0.0,5457
Ransom,38073,BERYLLIUM COMPOUNDS,0.0,5457
Ransom,38073,BIS(2-ETHYLHEXYL)PHTHALATE (DEHP),0.0,5457
Ransom,38073,CADMIUM COMPOUNDS,0.0,5457
Ransom,38073,CARBON TETRACHLORIDE,0.0,5457
Ransom,38073,CHLOROPRENE,0.0,5457
Ransom,38073,CHROMIUM VI (HEXAVALENT),1.3000374497999998e-05,5457
Ransom,38073,EPICHLOROHYDRIN,0.0,5457
Ransom,38073,ETHYLBENZENE,3.3114276139e-05,5457
Ransom,38073,"ETHYLENE DICHLORIDE (1,2-DICHLOROETHANE)",0.0,5457
Ransom,38073,ETHYLENE OXIDE,0.0,5457
Ransom,38073,FORMALDEHYDE,0.0010102972180639999,5457
Ransom,38073,HEXACHLOROBENZENE,0.0,5457
Ransom,38073,HEXACHLOROBUTADIENE,0.0,5457
Ransom,38073,METHYL TERT-BUTYL ETHER,0.0,5457
Ransom,38073,METHYLENE CHLORIDE,0.0,5457
Ransom,38073,NAPHTHALENE,0.00018448932848700003,5457
Ransom,38073,NICKEL COMPOUNDS,2.2526698762999998e-05,5457
Ransom,38073,NITROBENZENE,0.0,5457
Ransom,38073,O-TOLUIDINE,0.0,5457
Ransom,38073,PAHPOM,1.8376512676e-05,5457
Ransom,38073,PENTACHLOROPHENOL,0.0,5457
Ransom,38073,POLYCHLORINATED BIPHENYLS (AROCLORS),0.0,5457
Ransom,38073,PROPYLENE OXIDE,0.0,5457
Ransom,38073,TETRACHLOROETHYLENE,0.0,5457
Ransom,38073,TRICHLOROETHYLENE,0.0,5457
Ransom,38073,VINYL CHLORIDE,0.0,5457
Renville,38075,"1,1,2-TRICHLOROETHANE",0.0,2470
Renville,38075,"1,3-BUTADIENE",7.301152695e-05,2470
Renville,38075,"1,3-DICHLOROPROPENE",0.0,2470
Renville,38075,"1,4-DICHLOROBENZENE",0.0,2470
Renville,38075,"1,4-DIOXANE",0.0,2470
Renville,38075,"2,4,6-TRICHLOROPHENOL",0.0,2470
Renville,38075,"2,4-DINITROTOLUENE",0.0,2470
Renville,38075,"2,4-TOLUENE DIISOCYANATE",0.0,2470
Renville,38075,2-NITROPROPANE,0.0,2470
Renville,38075,ACETALDEHYDE,0.00014733465395200002,2470
Renville,38075,ACETAMIDE,0.0,2470
Renville,38075,ACRYLONITRILE,0.0,2470
Renville,38075,ALLYL CHLORIDE,0.0,2470
Renville,38075,ARSENIC COMPOUNDS(INORGANIC INCLUDING ARSINE),4.08528552e-05,2470
Renville,38075,BENZENE,0.004305546672203,2470
Renville,38075,BENZYL CHLORIDE,0.0,2470
Renville,38075,BERYLLIUM COMPOUNDS,0.0,2470
Renville,38075,BIS(2-ETHYLHEXYL)PHTHALATE (DEHP),0.0,2470
Renville,38075,CADMIUM COMPOUNDS,0.0,2470
Renville,38075,CARBON TETRACHLORIDE,0.0,2470
Renville,38075,CHLOROPRENE,0.0,2470
Renville,38075,CHROMIUM VI (HEXAVALENT),2.6992872e-05,2470
Renville,38075,EPICHLOROHYDRIN,0.0,2470
Renville,38075,ETHYLBENZENE,4.274783195e-05,2470
Renville,38075,ETHYLENE DIBROMIDE (DIBROMOETHANE),0.0,2470
Renville,38075,"ETHYLENE DICHLORIDE (1,2-DICHLOROETHANE)",0.0,2470
Renville,38075,ETHYLENE OXIDE,0.0,2470
Renville,38075,"ETHYLIDENE DICHLORIDE (1,1-DICHLOROETHANE)",0.0,2470
Renville,38075,FORMALDEHYDE,0.002093732606225,2470
Renville,38075,HEXACHLOROBENZENE,0.0,2470
Renville,38075,HEXACHLOROBUTADIENE,0.0,2470
Renville,38075,METHYL TERT-BUTYL ETHER,0.0,2470
Renville,38075,METHYLENE CHLORIDE,0.0,2470
Renville,38075,NAPHTHALENE,0.00023831636972799998,2470
Renville,38075,NICKEL COMPOUNDS,3.6663454560000003e-05,2470
Renville,38075,NITROBENZENE,0.0,2470
Renville,38075,O-TOLUIDINE,0.0,2470
Renville,38075,PAHPOM,1.9480506e-05,2470
Renville,38075,PROPYLENE OXIDE,0.0,2470
Renville,38075,TETRACHLOROETHYLENE,0.0,2470
Renville,38075,TRICHLOROETHYLENE,0.0,2470
Renville,38075,VINYL CHLORIDE,0.0,2470
Richland,38077,"1,1,2-TRICHLOROETHANE",0.0,16321
Richland,38077,"1,3-BUTADIENE",0.000449253195052,16321
Richland,38077,"1,3-DICHLOROPROPENE",0.0,16321
Richland,38077,"1,4-DICHLOROBENZENE",0.0,16321
Richland,38077,"1,4-DIOXANE",0.0,16321
Richland,38077,"2,4,6-TRICHLOROPHENOL",0.0,16321
Richland,38077,"2,4-DINITROTOLUENE",0.0,16321
Richland,38077,"2,4-TOLUENE DIISOCYANATE",0.0,16321
Richland,38077,2-NITROPROPANE,0.0,16321
Richland,38077,ACETALDEHYDE,0.0006747088828220001,16321
Richland,38077,ACETAMIDE,0.0,16321
Richland,38077,ACRYLONITRILE,0.0,16321
Richland,38077,ALLYL CHLORIDE,0.0,16321
Richland,38077,ARSENIC COMPOUNDS(INORGANIC INCLUDING ARSINE),0.000143650551247,16321
Richland,38077,BENZENE,0.0067579656840290004,16321
Richland,38077,BENZYL CHLORIDE,0.0,16321
Richland,38077,BERYLLIUM COMPOUNDS,0.0,16321
Richland,38077,BIS(2-ETHYLHEXYL)PHTHALATE (DEHP),0.0,16321
Richland,38077,BROMOFORM,0.0,16321
Richland,38077,CADMIUM COMPOUNDS,0.0,16321
Richland,38077,CARBON TETRACHLORIDE,0.0,16321
Richland,38077,CHLOROPRENE,0.0,16321
Richland,38077,CHROMIUM VI (HEXAVALENT),4.787381511e-06,16321
Richland,38077,EPICHLOROHYDRIN,0.0,16321
Richland,38077,ETHYLBENZENE,0.000178720412689,16321
Richland,38077,ETHYLENE DIBROMIDE (DIBROMOETHANE),0.0,16321
Richland,38077,"ETHYLENE DICHLORIDE (1,2-DICHLOROETHANE)",0.0,16321
Richland,38077,ETHYLENE OXIDE,0.0,16321
Richland,38077,"ETHYLIDENE DICHLORIDE (1,1-DICHLOROETHANE)",0.0,16321
Richland,38077,FORMALDEHYDE,0.007787878196547,16321
Richland,38077,HEXACHLOROBENZENE,0.0,16321
Richland,38077,HEXACHLOROBUTADIENE,0.0,16321
Richland,38077,METHYL TERT-BUTYL ETHER,0.0,16321
Richland,38077,METHYLENE CHLORIDE,0.0,16321
Richland,38077,NAPHTHALENE,0.00113724056523,16321
Richland,38077,NICKEL COMPOUNDS,2.7470663683000002e-05,16321
Richland,38077,NITROBENZENE,0.0,16321
Richland,38077,O-TOLUIDINE,0.0,16321
Richland,38077,PAHPOM,9.283186731899999e-05,16321
Richland,38077,PENTACHLOROPHENOL,0.0,16321
Richland,38077,POLYCHLORINATED BIPHENYLS (AROCLORS),0.0,16321
Richland,38077,PROPYLENE OXIDE,0.0,16321
Richland,38077,TETRACHLOROETHYLENE,0.0,16321
Richland,38077,TRICHLOROETHYLENE,0.0,16321
Richland,38077,VINYL CHLORIDE,0.0,16321
Rolette,38079,"1,1,2-TRICHLOROETHANE",0.0,13937
Rolette,38079,"1,3-BUTADIENE",5.9659061570000006e-05,13937
Rolette,38079,"1,3-DICHLOROPROPENE",0.0,13937
Rolette,38079,"1,4-DICHLOROBENZENE",0.0,13937
Rolette,38079,"1,4-DIOXANE",0.0,13937
Rolette,38079,"2,4,6-TRICHLOROPHENOL",0.0,13937
Rolette,38079,"2,4-DINITROTOLUENE",0.0,13937
Rolette,38079,"2,4-TOLUENE DIISOCYANATE",0.0,13937
Rolette,38079,2-NITROPROPANE,0.0,13937
Rolette,38079,ACETALDEHYDE,0.00012511645341299998,13937
Rolette,38079,ACETAMIDE,0.0,13937
Rolette,38079,ACRYLONITRILE,0.0,13937
Rolette,38079,ALLYL CHLORIDE,0.0,13937
Rolette,38079,ARSENIC COMPOUNDS(INORGANIC INCLUDING ARSINE),3.2477519186e-05,13937
Rolette,38079,BENZENE,0.004189637614353,13937
Rolette,38079,BENZYL CHLORIDE,0.0,13937
Rolette,38079,BERYLLIUM COMPOUNDS,0.0,13937
Rolette,38079,BIS(2-ETHYLHEXYL)PHTHALATE (DEHP),0.0,13937
Rolette,38079,CADMIUM COMPOUNDS,0.0,13937
Rolette,38079,CARBON TETRACHLORIDE,0.0,13937
Rolette,38079,CHLOROPRENE,0.0,13937
Rolette,38079,CHROMIUM VI (HEXAVALENT),2.4790326009e-05,13937
Rolette,38079,EPICHLOROHYDRIN,0.0,13937
Rolette,38079,ETHYLBENZENE,3.2509324389000006e-05,13937
Rolette,38079,ETHYLENE DIBROMIDE (DIBROMOETHANE),0.0,13937
Rolette,38079,"ETHYLENE DICHLORIDE (1,2-DICHLOROETHANE)",0.0,13937
Rolette,38079,ETHYLENE OXIDE,0.0,13937
Rolette,38079,"ETHYLIDENE DICHLORIDE (1,1-DICHLOROETHANE)",0.0,13937
Rolette,38079,FORMALDEHYDE,0.0016485021341940001,13937
Rolette,38079,HEXACHLOROBENZENE,0.0,13937
Rolette,38079,HEXACHLOROBUTADIENE,0.0,13937
Rolette,38079,METHYL TERT-BUTYL ETHER,0.0,13937
Rolette,38079,METHYLENE CHLORIDE,0.0,13937
Rolette,38079,NAPHTHALENE,0.00016876235536700002,13937
Rolette,38079,NICKEL COMPOUNDS,2.6871242358000003e-05,13937
Rolette,38079,NITROBENZENE,0.0,13937
Rolette,38079,O-TOLUIDINE,0.0,13937
Rolette,38079,PAHPOM,1.3463210712999998e-05,13937
Rolette,38079,PROPYLENE OXIDE,0.0,13937
Rolette,38079,TETRACHLOROETHYLENE,0.0,13937
Rolette,38079,TRICHLOROETHYLENE,0.0,13937
Rolette,38079,VINYL CHLORIDE,0.0,13937
Sargent,38081,"1,1,2-TRICHLOROETHANE",0.0,3829
Sargent,38081,"1,3-BUTADIENE",4.9144751423e-05,3829
Sargent,38081,"1,4-DICHLOROBENZENE",0.0,3829
Sargent,38081,"1,4-DIOXANE",0.0,3829
Sargent,38081,"2,4,6-TRICHLOROPHENOL",0.0,3829
Sargent,38081,"2,4-DINITROTOLUENE",0.0,3829
Sargent,38081,"2,4-TOLUENE DIISOCYANATE",0.0,3829
Sargent,38081,2-NITROPROPANE,0.0,3829
Sargent,38081,ACETALDEHYDE,6.5268938234e-05,3829
Sargent,38081,ACETAMIDE,0.0,3829
Sargent,38081,ACRYLONITRILE,0.0,3829
Sargent,38081,ALLYL CHLORIDE,0.0,3829
Sargent,38081,ARSENIC COMPOUNDS(INORGANIC INCLUDING ARSINE),4.6105511503e-05,3829
Sargent,38081,BENZENE,0.002203749535183,3829
Sargent,38081,BENZYL CHLORIDE,0.0,3829
Sargent,38081,BERYLLIUM COMPOUNDS,0.0,3829
Sargent,38081,BIS(2-ETHYLHEXYL)PHTHALATE (DEHP),0.0,3829
Sargent,38081,CADMIUM COMPOUNDS,0.0,3829
Sargent,38081,CARBON TETRACHLORIDE,0.0,3829
Sargent,38081,CHLOROPRENE,0.0,3829
Sargent,38081,CHROMIUM VI (HEXAVALENT),1.729381739e-05,3829
Sargent,38081,EPICHLOROHYDRIN,0.0,3829
Sargent,38081,ETHYLBENZENE,2.741089111e-05,3829
Sargent,38081,"ETHYLENE DICHLORIDE (1,2-DICHLOROETHANE)",0.0,3829
Sargent,38081,ETHYLENE OXIDE,0.0,3829
Sargent,38081,FORMALDEHYDE,0.0006605699068029999,3829
Sargent,38081,HEXACHLOROBENZENE,0.0,3829
Sargent,38081,HEXACHLOROBUTADIENE,0.0,3829
Sargent,38081,METHYL TERT-BUTYL ETHER,0.0,3829
Sargent,38081,METHYLENE CHLORIDE,0.0,3829
Sargent,38081,NAPHTHALENE,0.00017929654421400002,3829
Sargent,38081,NICKEL COMPOUNDS,2.2530423309999998e-05,3829
Sargent,38081,NITROBENZENE,0.0,3829
Sargent,38081,O-TOLUIDINE,0.0,3829
Sargent,38081,PAHPOM,1.5351720658e-05,3829
Sargent,38081,PROPYLENE OXIDE,0.0,3829
Sargent,38081,TETRACHLOROETHYLENE,0.0,3829
Sargent,38081,TRICHLOROETHYLENE,0.0,3829
Sargent,38081,VINYL CHLORIDE,0.0,3829
Sheridan,38083,"1,1,2-TRICHLOROETHANE",0.0,1321
Sheridan,38083,"1,3-BUTADIENE",9.69916641e-06,1321
Sheridan,38083,"1,4-DICHLOROBENZENE",0.0,1321
Sheridan,38083,"1,4-DIOXANE",0.0,1321
Sheridan,38083,"2,4,6-TRICHLOROPHENOL",0.0,1321
Sheridan,38083,"2,4-DINITROTOLUENE",0.0,1321
Sheridan,38083,"2,4-TOLUENE DIISOCYANATE",0.0,1321
Sheridan,38083,2-NITROPROPANE,0.0,1321
Sheridan,38083,ACETALDEHYDE,1.5014907763000001e-05,1321
Sheridan,38083,ACETAMIDE,0.0,1321
Sheridan,38083,ACRYLONITRILE,0.0,1321
Sheridan,38083,ALLYL CHLORIDE,0.0,1321
Sheridan,38083,ARSENIC COMPOUNDS(INORGANIC INCLUDING ARSINE),1.12687176e-05,1321
Sheridan,38083,BENZENE,0.000886593357788,1321
Sheridan,38083,BENZYL CHLORIDE,0.0,1321
Sheridan,38083,BERYLLIUM COMPOUNDS,0.0,1321
Sheridan,38083,BIS(2-ETHYLHEXYL)PHTHALATE (DEHP),0.0,1321
Sheridan,38083,BROMOFORM,0.0,1321
Sheridan,38083,CADMIUM COMPOUNDS,0.0,1321
Sheridan,38083,CARBON TETRACHLORIDE,0.0,1321
Sheridan,38083,CHLOROPRENE,0.0,1321
Sheridan,38083,CHROMIUM VI (HEXAVALENT),6.267948e-06,1321
Sheridan,38083,EPICHLOROHYDRIN,0.0,1321
Sheridan,38083,ETHYLBENZENE,5.462139264999999e-06,1321
Sheridan,38083,ETHYLENE DIBROMIDE (DIBROMOETHANE),0.0,1321
Sheridan,38083,"ETHYLENE DICHLORIDE (1,2-DICHLOROETHANE)",0.0,1321
Sheridan,38083,ETHYLENE OXIDE,0.0,1321
Sheridan,38083,FORMALDEHYDE,0.000254706469901,1321
Sheridan,38083,HEXACHLOROBENZENE,0.0,1321
Sheridan,38083,HEXACHLOROBUTADIENE,0.0,1321
Sheridan,38083,METHYL TERT-BUTYL ETHER,0.0,1321
Sheridan,38083,METHYLENE CHLORIDE,0.0,1321
Sheridan,38083,NAPHTHALENE,3.5768109514e-05,1321
Sheridan,38083,NICKEL COMPOUNDS,9.626258400000001e-06,1321
Sheridan,38083,NITROBENZENE,0.0,1321
Sheridan,38083,O-TOLUIDINE,0.0,1321
Sheridan,38083,PAHPOM,4.46166311e-06,1321
Sheridan,38083,PROPYLENE OXIDE,0.0,1321
Sheridan,38083,TETRACHLOROETHYLENE,0.0,1321
Sheridan,38083,TRICHLOROETHYLENE,0.0,1321
Sheridan,38083,VINYL CHLORIDE,0.0,1321
Sioux,38085,"1,1,2-TRICHLOROETHANE",0.0,4153
Sioux,38085,"1,3-BUTADIENE",0.000300655171303,4153
Sioux,38085,"1,4-DICHLOROBENZENE",0.0,4153
Sioux,38085,"1,4-DIOXANE",0.0,4153
Sioux,38085,"2,4,6-TRICHLOROPHENOL",0.0,4153
Sioux,38085,"2,4-DINITROTOLUENE",0.0,4153
Sioux,38085,"2,4-TOLUENE DIISOCYANATE",0.0,4153
Sioux,38085,2-NITROPROPANE,0.0,4153
Sioux,38085,ACETALDEHYDE,0.000526798808511,4153
Sioux,38085,ACETAMIDE,0.0,4153
Sioux,38085,ACRYLONITRILE,0.0,4153
Sioux,38085,ALLYL CHLORIDE,0.0,4153
Sioux,38085,ARSENIC COMPOUNDS(INORGANIC INCLUDING ARSINE),0.00042961802635,4153
Sioux,38085,BENZENE,0.014793730407132001,4153
Sioux,38085,BENZYL CHLORIDE,0.0,4153
Sioux,38085,BERYLLIUM COMPOUNDS,0.0,4153
Sioux,38085,BIS(2-ETHYLHEXYL)PHTHALATE (DEHP),0.0,4153
Sioux,38085,BROMOFORM,0.0,4153
Sioux,38085,CADMIUM COMPOUNDS,0.0,4153
Sioux,38085,CARBON TETRACHLORIDE,0.0,4153
Sioux,38085,CHLOROPRENE,0.0,4153
Sioux,38085,CHROMIUM VI (HEXAVALENT),0.00039851252804800003,4153
Sioux,38085,EPICHLOROHYDRIN,0.0,4153
Sioux,38085,ETHYLBENZENE,0.000175372465287,4153
Sioux,38085,ETHYLENE DIBROMIDE (DIBROMOETHANE),0.0,4153
Sioux,38085,"ETHYLENE DICHLORIDE (1,2-DICHLOROETHANE)",0.0,4153
Sioux,38085,ETHYLENE OXIDE,0.0,4153
Sioux,38085,FORMALDEHYDE,0.008943644162673,4153
Sioux,38085,HEXACHLOROBENZENE,0.0,4153
Sioux,38085,HEXACHLOROBUTADIENE,0.0,4153
Sioux,38085,METHYL TERT-BUTYL ETHER,0.0,4153
Sioux,38085,METHYLENE CHLORIDE,0.0,4153
Sioux,38085,NAPHTHALENE,0.00102913184512,4153
Sioux,38085,NICKEL COMPOUNDS,0.000509119944559,4153
Sioux,38085,NITROBENZENE,0.0,4153
Sioux,38085,O-TOLUIDINE,0.0,4153
Sioux,38085,PAHPOM,9.944576710899999e-05,4153
Sioux,38085,PROPYLENE OXIDE,0.0,4153
Sioux,38085,TETRACHLOROETHYLENE,0.0,4153
Sioux,38085,TRICHLOROETHYLENE,0.0,4153
Sioux,38085,VINYL CHLORIDE,0.0,4153
Slope,38087,"1,1,2-TRICHLOROETHANE",0.0,727
Slope,38087,"1,3-BUTADIENE",9.168022680000001e-06,727
Slope,38087,"1,3-DICHLOROPROPENE",0.0,727
Slope,38087,"1,4-DICHLOROBENZENE",0.0,727
Slope,38087,"1,4-DIOXANE",0.0,727
Slope,38087,"2,4,6-TRICHLOROPHENOL",0.0,727
Slope,38087,"2,4-DINITROTOLUENE",0.0,727
Slope,38087,"2,4-TOLUENE DIISOCYANATE",0.0,727
Slope,38087,2-NITROPROPANE,0.0,727
Slope,38087,ACETALDEHYDE,1.0232120735999999e-05,727
Slope,38087,ACETAMIDE,0.0,727
Slope,38087,ACRYLONITRILE,0.0,727
Slope,38087,ALLYL CHLORIDE,0.0,727
Slope,38087,ARSENIC COMPOUNDS(INORGANIC INCLUDING ARSINE),1.06057006e-05,727
Slope,38087,BENZENE,0.00029589006692699995,727
Slope,38087,BENZYL CHLORIDE,0.0,727
Slope,38087,BERYLLIUM COMPOUNDS,0.0,727
Slope,38087,BIS(2-ETHYLHEXYL)PHTHALATE (DEHP),0.0,727
Slope,38087,BROMOFORM,0.0,727
Slope,38087,CADMIUM COMPOUNDS,0.0,727
Slope,38087,CARBON TETRACHLORIDE,0.0,727
Slope,38087,CHLOROPRENE,0.0,727
Slope,38087,CHROMIUM VI (HEXAVALENT),5.597988e-06,727
Slope,38087,EPICHLOROHYDRIN,0.0,727
Slope,38087,ETHYLBENZENE,5.004540723e-06,727
Slope,38087,ETHYLENE DIBROMIDE (DIBROMOETHANE),0.0,727
Slope,38087,"ETHYLENE DICHLORIDE (1,2-DICHLOROETHANE)",0.0,727
Slope,38087,ETHYLENE OXIDE,0.0,727
Slope,38087,"ETHYLIDENE DICHLORIDE (1,1-DICHLOROETHANE)",0.0,727
Slope,38087,FORMALDEHYDE,0.00016773919800299998,727
Slope,38087,HEXACHLOROBENZENE,0.0,727
Slope,38087,HEXACHLOROBUTADIENE,0.0,727
Slope,38087,METHYL TERT-BUTYL ETHER,0.0,727
Slope,38087,METHYLENE CHLORIDE,0.0,727
Slope,38087,NAPHTHALENE,2.6982498124000005e-05,727
Slope,38087,NICKEL COMPOUNDS,6.7442961600000004e-06,727
Slope,38087,NITROBENZENE,0.0,727
Slope,38087,O-TOLUIDINE,0.0,727
Slope,38087,PAHPOM,3.920445792e-06,727
Slope,38087,PROPYLENE OXIDE,0.0,727
Slope,38087,TETRACHLOROETHYLENE,0.0,727
Slope,38087,TRICHLOROETHYLENE,0.0,727
Slope,38087,VINYL CHLORIDE,0.0,727
Stark,38089,"1,1,2-TRICHLOROETHANE",0.0,24199
Stark,38089,"1,3-BUTADIENE",0.000426835238868,24199
Stark,38089,"1,3-DICHLOROPROPENE",0.0,24199
Stark,38089,"1,4-DICHLOROBENZENE",0.0,24199
Stark,38089,"1,4-DIOXANE",0.0,24199
Stark,38089,"2,4,6-TRICHLOROPHENOL",0.0,24199
Stark,38089,"2,4-DINITROTOLUENE",0.0,24199
Stark,38089,"2,4-TOLUENE DIISOCYANATE",0.0,24199
Stark,38089,2-NITROPROPANE,0.0,24199
Stark,38089,ACETALDEHYDE,0.0007209760226789999,24199
Stark,38089,ACETAMIDE,0.0,24199
Stark,38089,ACRYLONITRILE,0.0,24199
Stark,38089,ALLYL CHLORIDE,0.0,24199
Stark,38089,ARSENIC COMPOUNDS(INORGANIC INCLUDING ARSINE),6.934069515800001e-05,24199
Stark,38089,BENZENE,0.0043485021207950005,24199
Stark,38089,BENZYL CHLORIDE,0.0,24199
Stark,38089,BERYLLIUM COMPOUNDS,0.0,24199
Stark,38089,BIS(2-ETHYLHEXYL)PHTHALATE (DEHP),0.0,24199
Stark,38089,BROMOFORM,0.0,24199
Stark,38089,CADMIUM COMPOUNDS,0.0,24199
Stark,38089,CARBON TETRACHLORIDE,0.0,24199
Stark,38089,CHLOROPRENE,0.0,24199
Stark,38089,CHROMIUM VI (HEXAVALENT),2.5196696135e-05,24199
Stark,38089,EPICHLOROHYDRIN,0.0,24199
Stark,38089,ETHYLBENZENE,0.000170380728028,24199
Stark,38089,ETHYLENE DIBROMIDE (DIBROMOETHANE),0.0,24199
Stark,38089,"ETHYLENE DICHLORIDE (1,2-DICHLOROETHANE)",0.0,24199
Stark,38089,ETHYLENE OXIDE,0.0,24199
Stark,38089,"ETHYLIDENE DICHLORIDE (1,1-DICHLOROETHANE)",0.0,24199
Stark,38089,FORMALDEHYDE,0.011461923160118,24199
Stark,38089,HEXACHLOROBENZENE,0.0,24199
Stark,38089,HEXACHLOROBUTADIENE,0.0,24199
Stark,38089,METHYL TERT-BUTYL ETHER,0.0,24199
Stark,38089,METHYLENE CHLORIDE,0.0,24199
Stark,38089,NAPHTHALENE,0.001074128611077,24199
Stark,38089,NICKEL COMPOUNDS,6.096528144e-05,24199
Stark,38089,NITROBENZENE,0.0,24199
Stark,38089,O-TOLUIDINE,0.0,24199
Stark,38089,PAHPOM,8.580192016699998e-05,24199
Stark,38089,PROPYLENE OXIDE,0.0,24199
Stark,38089,TETRACHLOROETHYLENE,0.0,24199
Stark,38089,TRICHLOROETHYLENE,0.0,24199
Stark,38089,VINYL CHLORIDE,0.0,24199
Steele,38091,"1,1,2-TRICHLOROETHANE",0.0,1975
Steele,38091,"1,3-BUTADIENE",8.202000749999999e-05,1975
Steele,38091,"1,4-DICHLOROBENZENE",0.0,1975
Steele,38091,"1,4-DIOXANE",0.0,1975
Steele,38091,"2,4,6-TRICHLOROPHENOL",0.0,1975
Steele,38091,"2,4-DINITROTOLUENE",0.0,1975
Steele,38091,"2,4-TOLUENE DIISOCYANATE",0.0,1975
Steele,38091,2-NITROPROPANE,0.0,1975
Steele,38091,ACETALDEHYDE,0.00010184608718200001,1975
Steele,38091,ACETAMIDE,0.0,1975
Steele,38091,ACRYLONITRILE,0.0,1975
Steele,38091,ALLYL CHLORIDE,0.0,1975
Steele,38091,ARSENIC COMPOUNDS(INORGANIC INCLUDING ARSINE),6.7860923e-05,1975
Steele,38091,BENZENE,0.004565458884222999,1975
Steele,38091,BENZYL CHLORIDE,0.0,1975
Steele,38091,BERYLLIUM COMPOUNDS,0.0,1975
Steele,38091,BIS(2-ETHYLHEXYL)PHTHALATE (DEHP),0.0,1975
Steele,38091,BROMOFORM,0.0,1975
Steele,38091,CADMIUM COMPOUNDS,0.0,1975
Steele,38091,CARBON TETRACHLORIDE,0.0,1975
Steele,38091,CHLOROPRENE,0.0,1975
Steele,38091,CHROMIUM VI (HEXAVALENT),1.3697412e-05,1975
Steele,38091,EPICHLOROHYDRIN,0.0,1975
Steele,38091,ETHYLBENZENE,3.7514140360000004e-05,1975
Steele,38091,ETHYLENE DIBROMIDE (DIBROMOETHANE),0.0,1975
Steele,38091,"ETHYLENE DICHLORIDE (1,2-DICHLOROETHANE)",0.0,1975
Steele,38091,ETHYLENE OXIDE,0.0,1975
Steele,38091,"ETHYLIDENE DICHLORIDE (1,1-DICHLOROETHANE)",0.0,1975
Steele,38091,FORMALDEHYDE,0.001032138441607,1975
Steele,38091,HEXACHLOROBENZENE,0.0,1975
Steele,38091,HEXACHLOROBUTADIENE,0.0,1975
Steele,38091,METHYL TERT-BUTYL ETHER,0.0,1975
Steele,38091,METHYLENE CHLORIDE,0.0,1975
Steele,38091,NAPHTHALENE,0.000248593476152,1975
Steele,38091,NICKEL COMPOUNDS,3.0050993760000002e-05,1975
Steele,38091,NITROBENZENE,0.0,1975
Steele,38091,O-TOLUIDINE,0.0,1975
Steele,38091,PAHPOM,2.4174533722000002e-05,1975
Steele,38091,PENTACHLOROPHENOL,0.0,1975
Steele,38091,POLYCHLORINATED BIPHENYLS (AROCLORS),0.0,1975
Steele,38091,PROPYLENE OXIDE,0.0,1975
Steele,38091,TETRACHLOROETHYLENE,0.0,1975
Steele,38091,TRICHLOROETHYLENE,0.0,1975
Steele,38091,VINYL CHLORIDE,0.0,1975
Stutsman,38093,"1,1,2-TRICHLOROETHANE",0.0,21100
Stutsman,38093,"1,3-BUTADIENE",0.00035925000794499994,21100
Stutsman,38093,"1,4-DICHLOROBENZENE",0.0,21100
Stutsman,38093,"1,4-DIOXANE",0.0,21100
Stutsman,38093,"2,4,6-TRICHLOROPHENOL",0.0,21100
Stutsman,38093,"2,4-DINITROTOLUENE",0.0,21100
Stutsman,38093,"2,4-TOLUENE DIISOCYANATE",0.0,21100
Stutsman,38093,2-NITROPROPANE,0.0,21100
Stutsman,38093,ACETALDEHYDE,0.000573325655446,21100
Stutsman,38093,ACETAMIDE,0.0,21100
Stutsman,38093,ACRYLONITRILE,0.0,21100
Stutsman,38093,ALLYL CHLORIDE,0.0,21100
Stutsman,38093,ARSENIC COMPOUNDS(INORGANIC INCLUDING ARSINE),0.00012157291777700001,21100
Stutsman,38093,BENZENE,0.011905708595725,21100
Stutsman,38093,BENZYL CHLORIDE,0.0,21100
Stutsman,38093,BERYLLIUM COMPOUNDS,0.0,21100
Stutsman,38093,BIS(2-ETHYLHEXYL)PHTHALATE (DEHP),0.0,21100
Stutsman,38093,CADMIUM COMPOUNDS,0.0,21100
Stutsman,38093,CARBON TETRACHLORIDE,0.0,21100
Stutsman,38093,CHLOROPRENE,0.0,21100
Stutsman,38093,CHROMIUM VI (HEXAVALENT),4.2064203243e-05,21100
Stutsman,38093,EPICHLOROHYDRIN,0.0,21100
Stutsman,38093,ETHYLBENZENE,0.000158489719199,21100
Stutsman,38093,"ETHYLENE DICHLORIDE (1,2-DICHLOROETHANE)",0.0,21100
Stutsman,38093,ETHYLENE OXIDE,0.0,21100
Stutsman,38093,FORMALDEHYDE,0.007901597194051998,21100
Stutsman,38093,HEXACHLOROBENZENE,0.0,21100
Stutsman,38093,HEXACHLOROBUTADIENE,0.0,21100
Stutsman,38093,METHYL TERT-BUTYL ETHER,0.0,21100
Stutsman,38093,METHYLENE CHLORIDE,0.0,21100
Stutsman,38093,NAPHTHALENE,0.000908953239761,21100
Stutsman,38093,NICKEL COMPOUNDS,8.406392166e-05,21100
Stutsman,38093,NITROBENZENE,0.0,21100
Stutsman,38093,O-TOLUIDINE,0.0,21100
Stutsman,38093,PAHPOM,8.8375292826e-05,21100
Stutsman,38093,PROPYLENE OXIDE,0.0,21100
Stutsman,38093,TETRACHLOROETHYLENE,0.0,21100
Stutsman,38093,TRICHLOROETHYLENE,0.0,21100
Stutsman,38093,VINYL CHLORIDE,0.0,21100
Towner,38095,"1,1,2-TRICHLOROETHANE",0.0,2246
Towner,38095,"1,3-BUTADIENE",4.233092898e-05,2246
Towner,38095,"1,4-DICHLOROBENZENE",0.0,2246
Towner,38095,"1,4-DIOXANE",0.0,2246
Towner,38095,"2,4,6-TRICHLOROPHENOL",0.0,2246
Towner,38095,"2,4-DINITROTOLUENE",0.0,2246
Towner,38095,"2,4-TOLUENE DIISOCYANATE",0.0,2246
Towner,38095,2-NITROPROPANE,0.0,2246
Towner,38095,ACETALDEHYDE,6.699945498600001e-05,2246
Towner,38095,ACETAMIDE,0.0,2246
Towner,38095,ACRYLONITRILE,0.0,2246
Towner,38095,ALLYL CHLORIDE,0.0,2246
Towner,38095,ARSENIC COMPOUNDS(INORGANIC INCLUDING ARSINE),3.1490869399999995e-05,2246
Towner,38095,BENZENE,0.0037681808070970002,2246
Towner,38095,BENZYL CHLORIDE,0.0,2246
Towner,38095,BERYLLIUM COMPOUNDS,0.0,2246
Towner,38095,BIS(2-ETHYLHEXYL)PHTHALATE (DEHP),0.0,2246
Towner,38095,CADMIUM COMPOUNDS,0.0,2246
Towner,38095,CARBON TETRACHLORIDE,0.0,2246
Towner,38095,CHLOROPRENE,0.0,2246
Towner,38095,CHROMIUM VI (HEXAVALENT),1.6093452e-05,2246
Towner,38095,EPICHLOROHYDRIN,0.0,2246
Towner,38095,ETHYLBENZENE,2.3953451172999998e-05,2246
Towner,38095,"ETHYLENE DICHLORIDE (1,2-DICHLOROETHANE)",0.0,2246
Towner,38095,ETHYLENE OXIDE,0.0,2246
Towner,38095,FORMALDEHYDE,0.0008259345109339998,2246
Towner,38095,HEXACHLOROBENZENE,0.0,2246
Towner,38095,HEXACHLOROBUTADIENE,0.0,2246
Towner,38095,METHYL TERT-BUTYL ETHER,0.0,2246
Towner,38095,METHYLENE CHLORIDE,0.0,2246
Towner,38095,NAPHTHALENE,0.00014711446685599999,2246
Towner,38095,NICKEL COMPOUNDS,1.9081307999999998e-05,2246
Towner,38095,NITROBENZENE,0.0,2246
Towner,38095,O-TOLUIDINE,0.0,2246
Towner,38095,PAHPOM,1.2117579427e-05,2246
Towner,38095,PROPYLENE OXIDE,0.0,2246
Towner,38095,TETRACHLOROETHYLENE,0.0,2246
Towner,38095,TRICHLOROETHYLENE,0.0,2246
Towner,38095,VINYL CHLORIDE,0.0,2246
Traill,38097,"1,1,2-TRICHLOROETHANE",0.0,8121
Traill,38097,"1,3-BUTADIENE",0.000198958419197,8121
Traill,38097,"1,3-DICHLOROPROPENE",0.0,8121
Traill,38097,"1,4-DICHLOROBENZENE",0.0,8121
Traill,38097,"1,4-DIOXANE",0.0,8121
Traill,38097,"2,4,6-TRICHLOROPHENOL",0.0,8121
Traill,38097,"2,4-DINITROTOLUENE",0.0,8121
Traill,38097,"2,4-TOLUENE DIISOCYANATE",0.0,8121
Traill,38097,2-NITROPROPANE,0.0,8121
Traill,38097,ACETALDEHYDE,0.00025622463106400004,8121
Traill,38097,ACETAMIDE,0.0,8121
Traill,38097,ACRYLONITRILE,0.0,8121
Traill,38097,ALLYL CHLORIDE,0.0,8121
Traill,38097,ARSENIC COMPOUNDS(INORGANIC INCLUDING ARSINE),4.5755793205e-05,8121
Traill,38097,BENZENE,0.005379859699558,8121
Traill,38097,BENZYL CHLORIDE,0.0,8121
Traill,38097,BERYLLIUM COMPOUNDS,0.0,8121
Traill,38097,BIS(2-ETHYLHEXYL)PHTHALATE (DEHP),0.0,8121
Traill,38097,BROMOFORM,0.0,8121
Traill,38097,CADMIUM COMPOUNDS,0.0,8121
Traill,38097,CARBON TETRACHLORIDE,0.0,8121
Traill,38097,CHLOROPRENE,0.0,8121
Traill,38097,CHROMIUM VI (HEXAVALENT),1.9655765851e-05,8121
Traill,38097,EPICHLOROHYDRIN,0.0,8121
Traill,38097,ETHYLBENZENE,8.0078707492e-05,8121
Traill,38097,ETHYLENE DIBROMIDE (DIBROMOETHANE),0.0,8121
Traill,38097,"ETHYLENE DICHLORIDE (1,2-DICHLOROETHANE)",0.0,8121
Traill,38097,ETHYLENE OXIDE,0.0,8121
Traill,38097,"ETHYLIDENE DICHLORIDE (1,1-DICHLOROETHANE)",0.0,8121
Traill,38097,FORMALDEHYDE,0.002888889420939,8121
Traill,38097,HEXACHLOROBENZENE,0.0,8121
Traill,38097,HEXACHLOROBUTADIENE,0.0,8121
Traill,38097,METHYL TERT-BUTYL ETHER,0.0,8121
Traill,38097,METHYLENE CHLORIDE,0.0,8121
Traill,38097,NAPHTHALENE,0.0004865369088269999,8121
Traill,38097,NICKEL COMPOUNDS,2.927771643e-05,8121
Traill,38097,NITROBENZENE,0.0,8121
Traill,38097,O-TOLUIDINE,0.0,8121
Traill,38097,PAHPOM,4.2466058651e-05,8121
Traill,38097,PENTACHLOROPHENOL,0.0,8121
Traill,38097,POLYCHLORINATED BIPHENYLS (AROCLORS),0.0,8121
Traill,38097,PROPYLENE OXIDE,0.0,8121
Traill,38097,TETRACHLOROETHYLENE,0.0,8121
Traill,38097,TRICHLOROETHYLENE,0.0,8121
Traill,38097,VINYL CHLORIDE,0.0,8121
Walsh,38099,"1,1,2-TRICHLOROETHANE",0.0,11119
Walsh,38099,"1,3-BUTADIENE",7.719113408399999e-05,11119
Walsh,38099,"1,3-DICHLOROPROPENE",0.0,11119
Walsh,38099,"1,4-DICHLOROBENZENE",0.0,11119
Walsh,38099,"1,4-DIOXANE",0.0,11119
Walsh,38099,"2,4,6-TRICHLOROPHENOL",0.0,11119
Walsh,38099,"2,4-DINITROTOLUENE",0.0,11119
Walsh,38099,"2,4-TOLUENE DIISOCYANATE",0.0,11119
Walsh,38099,2-NITROPROPANE,0.0,11119
Walsh,38099,ACETALDEHYDE,0.00012088176878799999,11119
Walsh,38099,ACETAMIDE,0.0,11119
Walsh,38099,ACRYLONITRILE,0.0,11119
Walsh,38099,ALLYL CHLORIDE,0.0,11119
Walsh,38099,ARSENIC COMPOUNDS(INORGANIC INCLUDING ARSINE),3.8690858630000003e-05,11119
Walsh,38099,BENZENE,0.002961288299374,11119
Walsh,38099,BENZYL CHLORIDE,0.0,11119
Walsh,38099,BERYLLIUM COMPOUNDS,0.0,11119
Walsh,38099,BIS(2-ETHYLHEXYL)PHTHALATE (DEHP),0.0,11119
Walsh,38099,BROMOFORM,0.0,11119
Walsh,38099,CADMIUM COMPOUNDS,0.0,11119
Walsh,38099,CARBON TETRACHLORIDE,0.0,11119
Walsh,38099,CHLOROPRENE,0.0,11119
Walsh,38099,CHROMIUM VI (HEXAVALENT),7.643285485e-06,11119
Walsh,38099,EPICHLOROHYDRIN,0.0,11119
Walsh,38099,ETHYLBENZENE,3.7555892399e-05,11119
Walsh,38099,ETHYLENE DIBROMIDE (DIBROMOETHANE),0.0,11119
Walsh,38099,"ETHYLENE DICHLORIDE (1,2-DICHLOROETHANE)",0.0,11119
Walsh,38099,ETHYLENE OXIDE,0.0,11119
Walsh,38099,"ETHYLIDENE DICHLORIDE (1,1-DICHLOROETHANE)",0.0,11119
Walsh,38099,FORMALDEHYDE,0.0014321051589970002,11119
Walsh,38099,HEXACHLOROBENZENE,0.0,11119
Walsh,38099,HEXACHLOROBUTADIENE,0.0,11119
Walsh,38099,METHYL TERT-BUTYL ETHER,0.0,11119
Walsh,38099,METHYLENE CHLORIDE,0.0,11119
Walsh,38099,NAPHTHALENE,0.00023286415475999998,11119
Walsh,38099,NICKEL COMPOUNDS,1.0382646752000001e-05,11119
Walsh,38099,NITROBENZENE,0.0,11119
Walsh,38099,O-TOLUIDINE,0.0,11119
Walsh,38099,PAHPOM,1.7442960465e-05,11119
Walsh,38099,PENTACHLOROPHENOL,0.0,11119
Walsh,38099,POLYCHLORINATED BIPHENYLS (AROCLORS),0.0,11119
Walsh,38099,PROPYLENE OXIDE,0.0,11119
Walsh,38099,TETRACHLOROETHYLENE,0.0,11119
Walsh,38099,TRICHLOROETHYLENE,0.0,11119
Walsh,38099,VINYL CHLORIDE,0.0,11119
Ward,38101,"1,1,2-TRICHLOROETHANE",0.0,61675
Ward,38101,"1,3-BUTADIENE",0.000719504487028,61675
Ward,38101,"1,3-DICHLOROPROPENE",0.0,61675
Ward,38101,"1,4-DICHLOROBENZENE",0.0,61675
Ward,38101,"1,4-DIOXANE",0.0,61675
Ward,38101,"2,4,6-TRICHLOROPHENOL",0.0,61675
Ward,38101,"2,4-DINITROTOLUENE",0.0,61675
Ward,38101,"2,4-TOLUENE DIISOCYANATE",0.0,61675
Ward,38101,2-NITROPROPANE,0.0,61675
Ward,38101,ACETALDEHYDE,0.0013040341647249998,61675
Ward,38101,ACETAMIDE,0.0,61675
Ward,38101,ACRYLONITRILE,0.0,61675
Ward,38101,ALLYL CHLORIDE,0.0,61675
Ward,38101,ARSENIC COMPOUNDS(INORGANIC INCLUDING ARSINE),0.00011933719456799999,61675
Ward,38101,BENZENE,0.01694141753901,61675
Ward,38101,BENZYL CHLORIDE,0.0,61675
Ward,38101,BERYLLIUM COMPOUNDS,0.0,61675
Ward,38101,BIS(2-ETHYLHEXYL)PHTHALATE (DEHP),0.0,61675
Ward,38101,CADMIUM COMPOUNDS,0.0,61675
Ward,38101,CARBON TETRACHLORIDE,0.0,61675
Ward,38101,CHLOROPRENE,0.0,61675
Ward,38101,CHROMIUM VI (HEXAVALENT),5.2195480065000005e-05,61675
Ward,38101,EPICHLOROHYDRIN,0.0,61675
Ward,38101,ETHYLBENZENE,0.000295369566536,61675
Ward,38101,ETHYLENE DIBROMIDE (DIBROMOETHANE),0.0,61675
Ward,38101,"ETHYLENE DICHLORIDE (1,2-DICHLOROETHANE)",0.0,61675
Ward,38101,ETHYLENE OXIDE,0.0,61675
Ward,38101,"ETHYLIDENE DICHLORIDE (1,1-DICHLOROETHANE)",0.0,61675
Ward,38101,FORMALDEHYDE,0.023878743891022996,61675
Ward,38101,HEXACHLOROBENZENE,0.0,61675
Ward,38101,HEXACHLOROBUTADIENE,0.0,61675
Ward,38101,METHYL TERT-BUTYL ETHER,0.0,61675
Ward,38101,METHYLENE CHLORIDE,0.0,61675
Ward,38101,NAPHTHALENE,0.0018592749760879999,61675
Ward,38101,NICKEL COMPOUNDS,0.000129489153494,61675
Ward,38101,NITROBENZENE,0.0,61675
Ward,38101,O-TOLUIDINE,0.0,61675
Ward,38101,PAHPOM,0.000133945087888,61675
Ward,38101,PROPYLENE OXIDE,0.0,61675
Ward,38101,TETRACHLOROETHYLENE,0.0,61675
Ward,38101,TRICHLOROETHYLENE,0.0,61675
Ward,38101,VINYL CHLORIDE,0.0,61675
Wells,38103,"1,1,2-TRICHLOROETHANE",0.0,4207
Wells,38103,"1,3-BUTADIENE",7.123982228899998e-05,4207
Wells,38103,"1,4-DICHLOROBENZENE",0.0,4207
Wells,38103,"1,4-DIOXANE",0.0,4207
Wells,38103,"2,4,6-TRICHLOROPHENOL",0.0,4207
Wells,38103,"2,4-DINITROTOLUENE",0.0,4207
Wells,38103,"2,4-TOLUENE DIISOCYANATE",0.0,4207
Wells,38103,2-NITROPROPANE,0.0,4207
Wells,38103,ACETALDEHYDE,0.000112113366279,4207
Wells,38103,ACETAMIDE,0.0,4207
Wells,38103,ACRYLONITRILE,0.0,4207
Wells,38103,ALLYL CHLORIDE,0.0,4207
Wells,38103,ARSENIC COMPOUNDS(INORGANIC INCLUDING ARSINE),4.4694062465000006e-05,4207
Wells,38103,BENZENE,0.004071006164622,4207
Wells,38103,BENZYL CHLORIDE,0.0,4207
Wells,38103,BERYLLIUM COMPOUNDS,0.0,4207
Wells,38103,BIS(2-ETHYLHEXYL)PHTHALATE (DEHP),0.0,4207
Wells,38103,CADMIUM COMPOUNDS,0.0,4207
Wells,38103,CARBON TETRACHLORIDE,0.0,4207
Wells,38103,CHLOROPRENE,0.0,4207
Wells,38103,CHROMIUM VI (HEXAVALENT),6.661802881e-06,4207
Wells,38103,EPICHLOROHYDRIN,0.0,4207
Wells,38103,ETHYLBENZENE,4.2632060975999994e-05,4207
Wells,38103,"ETHYLENE DICHLORIDE (1,2-DICHLOROETHANE)",0.0,4207
Wells,38103,ETHYLENE OXIDE,0.0,4207
Wells,38103,FORMALDEHYDE,0.0016832283582029998,4207
Wells,38103,HEXACHLOROBENZENE,0.0,4207
Wells,38103,HEXACHLOROBUTADIENE,0.0,4207
Wells,38103,METHYL TERT-BUTYL ETHER,0.0,4207
Wells,38103,METHYLENE CHLORIDE,0.0,4207
Wells,38103,NAPHTHALENE,0.000224744597168,4207
Wells,38103,NICKEL COMPOUNDS,3.4097227341e-05,4207
Wells,38103,NITROBENZENE,0.0,4207
Wells,38103,O-TOLUIDINE,0.0,4207
Wells,38103,PAHPOM,1.8731361934999997e-05,4207
Wells,38103,PROPYLENE OXIDE,0.0,4207
Wells,38103,TETRACHLOROETHYLENE,0.0,4207
Wells,38103,TRICHLOROETHYLENE,0.0,4207
Wells,38103,VINYL CHLORIDE,0.0,4207
Williams,38105,"1,1,2-TRICHLOROETHANE",0.0,22354
Williams,38105,"1,3-BUTADIENE",0.00031810964839799996,22354
Williams,38105,"1,3-DICHLOROPROPENE",0.0,22354
Williams,38105,"1,4-DICHLOROBENZENE",0.0,22354
Williams,38105,"1,4-DIOXANE",0.0,22354
Williams,38105,"2,4,6-TRICHLOROPHENOL",0.0,22354
Williams,38105,"2,4-DINITROTOLUENE",0.0,22354
Williams,38105,"2,4-TOLUENE DIISOCYANATE",0.0,22354
Williams,38105,2-NITROPROPANE,0.0,22354
Williams,38105,ACETALDEHYDE,0.000497255207127,22354
Williams,38105,ACETAMIDE,0.0,22354
Williams,38105,ACRYLONITRILE,0.0,22354
Williams,38105,ALLYL CHLORIDE,0.0,22354
Williams,38105,ARSENIC COMPOUNDS(INORGANIC INCLUDING ARSINE),3.3601560396e-05,22354
Williams,38105,BENZENE,0.0017499477752550001,22354
Williams,38105,BENZYL CHLORIDE,0.0,22354
Williams,38105,BERYLLIUM COMPOUNDS,0.0,22354
Williams,38105,BIS(2-ETHYLHEXYL)PHTHALATE (DEHP),0.0,22354
Williams,38105,BROMOFORM,0.0,22354
Williams,38105,CADMIUM COMPOUNDS,0.0,22354
Williams,38105,CARBON TETRACHLORIDE,0.0,22354
Williams,38105,CHLOROPRENE,0.0,22354
Williams,38105,CHROMIUM VI (HEXAVALENT),2.7517686304999997e-05,22354
Williams,38105,EPICHLOROHYDRIN,0.0,22354
Williams,38105,ETHYLBENZENE,0.00013035242647799997,22354
Williams,38105,ETHYLENE DIBROMIDE (DIBROMOETHANE),0.0,22354
Williams,38105,"ETHYLENE DICHLORIDE (1,2-DICHLOROETHANE)",0.0,22354
Williams,38105,ETHYLENE OXIDE,0.0,22354
Williams,38105,"ETHYLIDENE DICHLORIDE (1,1-DICHLOROETHANE)",0.0,22354
Williams,38105,FORMALDEHYDE,0.007551329363821,22354
Williams,38105,HEXACHLOROBENZENE,0.0,22354
Williams,38105,HEXACHLOROBUTADIENE,0.0,22354
Williams,38105,METHYL TERT-BUTYL ETHER,0.0,22354
Williams,38105,METHYLENE CHLORIDE,0.0,22354
Williams,38105,NAPHTHALENE,0.000754688404037,22354
Williams,38105,NICKEL COMPOUNDS,2.0148644445e-05,22354
Williams,38105,NITROBENZENE,0.0,22354
Williams,38105,O-TOLUIDINE,0.0,22354
Williams,38105,PAHPOM,5.585725788600001e-05,22354
Williams,38105,PROPYLENE OXIDE,0.0,22354
Williams,38105,TETRACHLOROETHYLENE,0.0,22354
Williams,38105,TRICHLOROETHYLENE,0.0,22354
Williams,38105,VINYL CHLORIDE,0.0,22354
